Data,Atraso(ms),Hop_count,Bottleneck,Vazao_BBR,mask_applied
2024-04-22 18:00:00,9.29,3.0,6.0,879048083.0,0
2024-04-23 00:00:00,4.59,4.0,6.0,770527497.7096128,1
2024-04-23 06:00:00,4.59,4.0,6.0,770527497.7096128,1
2024-04-23 12:00:00,2.03,3.0,6.0,915197224.0,0
2024-04-23 18:00:00,4.59,4.0,6.0,770527497.7096128,1
2024-04-24 00:00:00,4.59,4.0,6.0,770527497.7096128,1
2024-04-24 06:00:00,13.91,3.0,6.0,921353534.0,0
2024-04-24 12:00:00,14.62,3.0,6.0,738724045.0,0
2024-04-24 18:00:00,0.17,3.0,6.0,691327401.0,0
2024-04-25 00:00:00,2.18,3.0,6.0,918350264.0,0
2024-04-25 06:00:00,4.59,4.0,6.0,770527497.7096128,1
2024-04-25 12:00:00,7.52,3.0,6.0,824680021.0,0
2024-04-25 18:00:00,4.59,4.0,6.0,770527497.7096128,1
2024-04-26 00:00:00,13.84,3.0,6.0,930400973.0,0
2024-04-26 06:00:00,8.67,3.0,6.0,699768453.0,0
2024-04-26 12:00:00,9.13,3.0,6.0,915312562.0,0
2024-04-26 18:00:00,9.28,3.0,6.0,847406337.0,0
2024-04-27 00:00:00,4.59,4.0,6.0,770527497.7096128,1
2024-04-27 06:00:00,9.53,3.0,6.0,923481760.0,0
2024-04-27 12:00:00,4.59,4.0,6.0,770527497.7096128,1
2024-04-27 18:00:00,4.59,4.0,6.0,770527497.7096128,1
2024-04-28 00:00:00,4.59,4.0,6.0,770527497.7096128,1
2024-04-28 06:00:00,4.59,4.0,6.0,770527497.7096128,1
2024-04-28 12:00:00,0.45,3.0,6.0,906547604.0,0
2024-04-28 18:00:00,1.88,3.0,6.0,917898913.0,0
2024-04-29 00:00:00,4.59,4.0,6.0,770527497.7096128,1
2024-04-29 06:00:00,4.59,4.0,6.0,770527497.7096128,1
2024-04-29 12:00:00,4.59,4.0,6.0,770527497.7096128,1
2024-04-29 18:00:00,17.9,3.0,6.0,847933822.0,0
2024-04-30 00:00:00,4.59,4.0,6.0,770527497.7096128,1
2024-04-30 06:00:00,4.59,4.0,6.0,770527497.7096128,1
2024-04-30 12:00:00,4.59,4.0,6.0,770527497.7096128,1
2024-04-30 18:00:00,4.59,4.0,6.0,770527497.7096128,1
2024-05-01 00:00:00,5.67,3.0,6.0,924524929.0,0
2024-05-01 06:00:00,4.37,3.0,6.0,915618531.0,0
2024-05-01 12:00:00,18.07,3.0,6.0,900832883.67,0
2024-05-01 18:00:00,3.01,3.0,6.0,910374138.0,0
2024-05-02 00:00:00,4.59,4.0,6.0,770527497.7096128,1
2024-05-02 06:00:00,4.59,4.0,6.0,770527497.7096128,1
2024-05-02 12:00:00,3.47,3.0,6.0,764153542.0,0
2024-05-02 18:00:00,4.75,3.0,6.0,905629846.0,0
2024-05-03 00:00:00,4.59,4.0,6.0,770527497.7096128,1
2024-05-03 06:00:00,4.59,4.0,6.0,770527497.7096128,1
2024-05-03 12:00:00,4.47,3.0,6.0,897317296.0,0
2024-05-03 18:00:00,4.0,3.0,6.0,911292787.5,0
2024-05-04 00:00:00,4.59,4.0,6.0,770527497.7096128,1
2024-05-04 06:00:00,4.59,4.0,6.0,770527497.7096128,1
2024-05-04 12:00:00,4.5,3.0,6.0,923953435.0,0
2024-05-04 18:00:00,3.66,3.0,6.0,919444647.0,0
2024-05-05 00:00:00,4.59,4.0,6.0,770527497.7096128,1
2024-05-05 06:00:00,4.59,4.0,6.0,770527497.7096128,1
2024-05-05 12:00:00,4.59,4.0,6.0,770527497.7096128,1
2024-05-05 18:00:00,4.89,3.0,6.0,910977113.0,0
2024-05-06 00:00:00,4.59,4.0,6.0,770527497.7096128,1
2024-05-06 06:00:00,4.59,4.0,6.0,770527497.7096128,1
2024-05-06 12:00:00,5.0,3.0,6.0,911810915.0,0
2024-05-06 18:00:00,1.66,3.0,6.0,915300391.0,0
2024-05-07 00:00:00,4.59,4.0,6.0,770527497.7096128,1
2024-05-07 06:00:00,5.91,3.0,6.0,827529558.0,0
2024-05-07 12:00:00,2.54,3.0,6.0,818417914.0,0
2024-05-07 18:00:00,2.47,3.0,6.0,856687705.0,0
2024-05-08 00:00:00,4.67,3.0,6.0,921932069.0,0
2024-05-08 06:00:00,24.02,3.0,6.0,834724141.0,0
2024-05-08 12:00:00,4.41,3.0,6.0,734319461.0,0
2024-05-08 18:00:00,4.4,3.0,6.0,899310908.0,0
2024-05-09 00:00:00,4.59,4.0,6.0,770527497.7096128,1
2024-05-09 06:00:00,4.3,3.0,6.0,911950722.0,0
2024-05-09 12:00:00,4.21,3.0,6.0,792070359.0,0
2024-05-09 18:00:00,4.27,3.0,6.0,907385377.0,0
2024-05-10 00:00:00,6.47,3.0,6.0,907483910.0,0
2024-05-10 06:00:00,4.67,3.0,6.0,879599033.0,0
2024-05-10 12:00:00,3.92,3.0,6.0,895028886.0,0
2024-05-10 18:00:00,3.18,3.0,6.0,895933754.5,0
2024-05-11 00:00:00,4.59,4.0,6.0,770527497.7096128,1
2024-05-11 06:00:00,4.06,3.0,6.0,905764236.0,0
2024-05-11 12:00:00,3.83,3.0,6.0,928000954.5,0
2024-05-11 18:00:00,4.62,3.0,6.0,918397654.0,0
2024-05-12 00:00:00,4.59,4.0,6.0,770527497.7096128,1
2024-05-12 06:00:00,3.99,3.0,6.0,876543324.5,0
2024-05-12 12:00:00,4.16,3.0,6.0,904046387.0,0
2024-05-12 18:00:00,2.3,3.0,6.0,911949328.0,0
2024-05-13 00:00:00,4.59,4.0,6.0,770527497.7096128,1
2024-05-13 06:00:00,4.49,3.0,6.0,914150065.0,0
2024-05-13 12:00:00,12.93,3.0,6.0,797514091.5,0
2024-05-13 18:00:00,25.54,3.0,6.0,848611665.0,0
2024-05-14 00:00:00,4.59,4.0,6.0,770527497.7096128,1
2024-05-14 06:00:00,8.53,3.0,6.0,840696144.0,0
2024-05-14 12:00:00,3.91,3.0,6.0,761854359.0,0
2024-05-14 18:00:00,3.39,3.0,6.0,851602148.0,0
2024-05-15 00:00:00,4.59,4.0,6.0,770527497.7096128,1
2024-05-15 06:00:00,3.81,3.0,6.0,903243953.0,0
2024-05-15 12:00:00,1.82,3.0,6.0,824210200.0,0
2024-05-15 18:00:00,3.68,3.0,6.0,887385040.5,0
2024-05-16 00:00:00,4.59,4.0,6.0,770527497.7096128,1
2024-05-16 06:00:00,4.59,4.0,6.0,770527497.7096128,1
2024-05-16 12:00:00,4.17,3.0,6.0,849741897.5,0
2024-05-16 18:00:00,4.17,3.0,6.0,898630665.0,0
2024-05-17 00:00:00,3.92,3.0,6.0,914290614.0,0
2024-05-17 06:00:00,3.86,3.0,6.0,927257518.0,0
2024-05-17 12:00:00,3.58,3.0,6.0,880784651.0,0
2024-05-17 18:00:00,4.25,3.0,6.0,894956975.0,0
2024-05-18 00:00:00,4.59,4.0,6.0,770527497.7096128,1
2024-05-18 06:00:00,4.59,4.0,6.0,770527497.7096128,1
2024-05-18 12:00:00,4.01,3.0,6.0,903557035.0,0
2024-05-18 18:00:00,4.39,3.0,6.0,892678384.0,0
2024-05-19 00:00:00,4.59,4.0,6.0,770527497.7096128,1
2024-05-19 06:00:00,3.77,3.0,6.0,899575599.0,0
2024-05-19 12:00:00,4.59,4.0,6.0,770527497.7096128,1
2024-05-19 18:00:00,4.47,3.0,6.0,917524561.0,0
2024-05-20 00:00:00,4.59,4.0,6.0,770527497.7096128,1
2024-05-20 06:00:00,4.59,4.0,6.0,770527497.7096128,1
2024-05-20 12:00:00,4.59,4.0,6.0,770527497.7096128,1
2024-05-20 18:00:00,3.71,3.0,6.0,893048024.0,0
2024-05-21 00:00:00,4.59,4.0,6.0,770527497.7096128,1
2024-05-21 06:00:00,3.5,3.0,6.0,885995481.5,0
2024-05-21 12:00:00,4.0,3.0,6.0,826646336.0,0
2024-05-21 18:00:00,22.48,3.0,6.0,857841869.0,0
2024-05-22 00:00:00,3.04,3.0,6.0,917778122.0,0
2024-05-22 06:00:00,3.25,3.0,6.0,821670809.0,0
2024-05-22 12:00:00,4.04,3.0,6.0,788375058.0,0
2024-05-22 18:00:00,3.54,3.0,6.0,893810204.0,0
2024-05-23 00:00:00,4.59,4.0,6.0,770527497.7096128,1
2024-05-23 06:00:00,4.59,4.0,6.0,770527497.7096128,1
2024-05-23 12:00:00,4.59,4.0,6.0,770527497.7096128,1
2024-05-23 18:00:00,4.08,3.0,6.0,892580950.0,0
2024-05-24 00:00:00,4.15,3.0,6.0,899183323.0,0
2024-05-24 06:00:00,4.78,3.0,6.0,817354792.0,0
2024-05-24 12:00:00,4.38,3.0,6.0,757229726.5,0
2024-05-24 18:00:00,4.0,3.0,6.0,911423054.0,0
2024-05-25 00:00:00,4.59,4.0,6.0,770527497.7096128,1
2024-05-25 06:00:00,4.35,3.0,6.0,918553014.0,0
2024-05-25 12:00:00,3.3,3.0,6.0,771717775.0,0
2024-05-25 18:00:00,3.23,3.0,6.0,911037785.0,0
2024-05-26 00:00:00,4.59,4.0,6.0,770527497.7096128,1
2024-05-26 06:00:00,4.59,4.0,6.0,770527497.7096128,1
2024-05-26 12:00:00,2.87,3.0,6.0,900623272.0,0
2024-05-26 18:00:00,3.88,3.0,6.0,908870158.0,0
2024-05-27 00:00:00,4.59,4.0,6.0,770527497.7096128,1
2024-05-27 06:00:00,4.59,4.0,6.0,770527497.7096128,1
2024-05-27 12:00:00,20.28,3.0,6.0,800646850.0,0
2024-05-27 18:00:00,5.59,3.0,6.0,909378490.0,0
2024-05-28 00:00:00,4.59,4.0,6.0,770527497.7096128,1
2024-05-28 06:00:00,3.89,3.0,6.0,858680699.0,0
2024-05-28 12:00:00,4.59,4.0,6.0,770527497.7096128,1
2024-05-28 18:00:00,4.68,3.0,6.0,854432294.5,0
2024-05-29 00:00:00,4.59,4.0,6.0,770527497.7096128,1
2024-05-29 06:00:00,4.59,4.0,6.0,770527497.7096128,1
2024-05-29 12:00:00,4.59,4.0,6.0,770527497.7096128,1
2024-05-29 18:00:00,4.59,4.0,6.0,866967145.0,0
2024-05-30 00:00:00,4.59,4.0,6.0,770527497.7096128,1
2024-05-30 06:00:00,4.59,4.0,6.0,770527497.7096128,1
2024-05-30 12:00:00,3.84,3.0,6.0,856795557.0,0
2024-05-30 18:00:00,3.18,3.0,6.0,900903210.0,0
2024-05-31 00:00:00,4.59,4.0,6.0,770527497.7096128,1
2024-05-31 06:00:00,4.59,4.0,6.0,770527497.7096128,1
2024-05-31 12:00:00,4.09,3.0,6.0,906706659.0,0
2024-05-31 18:00:00,3.14,3.0,6.0,901044510.0,0
2024-06-01 00:00:00,4.59,4.0,6.0,770527497.7096128,1
2024-06-01 06:00:00,10.26,3.0,6.0,916247128.0,0
2024-06-01 12:00:00,3.99,3.0,6.0,904780811.5,0
2024-06-01 18:00:00,3.16,3.0,6.0,895907633.0,0
2024-06-02 00:00:00,4.59,4.0,6.0,770527497.7096128,1
2024-06-02 06:00:00,2.96,3.0,6.0,917058723.5,0
2024-06-02 12:00:00,3.44,3.0,6.0,906965765.0,0
2024-06-02 18:00:00,4.22,3.0,6.0,886783699.0,0
2024-06-03 00:00:00,4.59,4.0,6.0,770527497.7096128,1
2024-06-03 06:00:00,3.57,3.0,6.0,708366898.0,0
2024-06-03 12:00:00,4.99,3.0,6.0,804863921.0,0
2024-06-03 18:00:00,5.02,3.0,6.0,791516564.0,0
2024-06-04 00:00:00,4.59,4.0,6.0,770527497.7096128,1
2024-06-04 06:00:00,4.59,4.0,6.0,770527497.7096128,1
2024-06-04 12:00:00,4.33,3.0,6.0,798943193.0,0
2024-06-04 18:00:00,4.59,4.0,6.0,770527497.7096128,1
2024-06-05 00:00:00,3.99,3.0,6.0,920638634.0,0
2024-06-05 06:00:00,2.91,3.0,6.0,726138553.0,0
2024-06-05 12:00:00,4.13,3.0,6.0,804733594.0,0
2024-06-05 18:00:00,3.22,3.0,6.0,903342371.5,0
2024-06-06 00:00:00,4.59,4.0,6.0,770527497.7096128,1
2024-06-06 06:00:00,4.59,3.0,6.0,776419069.0,0
2024-06-06 12:00:00,4.01,3.0,6.0,861545967.0,0
2024-06-06 18:00:00,3.89,3.0,6.0,883200681.33,0
2024-06-07 00:00:00,4.59,4.0,6.0,770527497.7096128,1
2024-06-07 06:00:00,2.62,3.0,6.0,915827011.0,0
2024-06-07 12:00:00,4.59,4.0,6.0,770527497.7096128,1
2024-06-07 18:00:00,5.32,3.0,6.0,760297130.0,0
2024-06-08 00:00:00,4.59,4.0,6.0,770527497.7096128,1
2024-06-08 06:00:00,3.27,3.0,6.0,887491973.0,0
2024-06-08 12:00:00,24.69,3.0,6.0,901501548.0,0
2024-06-08 18:00:00,4.59,3.0,6.0,919859846.0,0
2024-06-09 00:00:00,4.59,4.0,6.0,770527497.7096128,1
2024-06-09 06:00:00,3.6,3.0,6.0,909540325.0,0
2024-06-09 12:00:00,3.64,3.0,6.0,783605585.0,0
2024-06-09 18:00:00,3.96,3.0,6.0,900808083.5,0
2024-06-10 00:00:00,4.59,4.0,6.0,770527497.7096128,1
2024-06-10 06:00:00,4.59,4.0,6.0,770527497.7096128,1
2024-06-10 12:00:00,4.44,3.0,6.0,761686330.0,0
2024-06-10 18:00:00,6.08,3.0,6.0,920567104.0,0
2024-06-11 00:00:00,4.59,4.0,6.0,770527497.7096128,1
2024-06-11 06:00:00,2.89,3.0,6.0,790682350.5,0
2024-06-11 12:00:00,4.59,4.0,6.0,770527497.7096128,1
2024-06-11 18:00:00,4.96,4.0,6.0,784021834.0,0
2024-06-12 00:00:00,4.59,4.0,6.0,770527497.7096128,1
2024-06-12 06:00:00,4.59,4.0,6.0,770527497.7096128,1
2024-06-12 12:00:00,4.59,4.0,6.0,770527497.7096128,1
2024-06-12 18:00:00,4.59,4.0,6.0,770527497.7096128,1
2024-06-13 00:00:00,4.59,4.0,6.0,770527497.7096128,1
2024-06-13 06:00:00,4.59,4.0,6.0,770527497.7096128,1
2024-06-13 12:00:00,4.59,4.0,6.0,770527497.7096128,1
2024-06-13 18:00:00,4.59,4.0,6.0,770527497.7096128,1
2024-06-14 00:00:00,4.59,4.0,6.0,770527497.7096128,1
2024-06-14 06:00:00,4.59,4.0,6.0,770527497.7096128,1
2024-06-14 12:00:00,4.59,4.0,6.0,770527497.7096128,1
2024-06-14 18:00:00,4.59,4.0,6.0,770527497.7096128,1
2024-06-15 00:00:00,4.59,4.0,6.0,770527497.7096128,1
2024-06-15 06:00:00,4.59,4.0,6.0,770527497.7096128,1
2024-06-15 12:00:00,4.59,4.0,6.0,770527497.7096128,1
2024-06-15 18:00:00,4.59,4.0,6.0,770527497.7096128,1
2024-06-16 00:00:00,4.59,4.0,6.0,770527497.7096128,1
2024-06-16 06:00:00,4.59,4.0,6.0,770527497.7096128,1
2024-06-16 12:00:00,4.59,4.0,6.0,770527497.7096128,1
2024-06-16 18:00:00,4.59,4.0,6.0,770527497.7096128,1
2024-06-17 00:00:00,4.59,4.0,6.0,770527497.7096128,1
2024-06-17 06:00:00,4.59,4.0,6.0,770527497.7096128,1
2024-06-17 12:00:00,4.59,4.0,6.0,770527497.7096128,1
2024-06-17 18:00:00,4.59,4.0,6.0,770527497.7096128,1
2024-06-18 00:00:00,4.59,4.0,6.0,770527497.7096128,1
2024-06-18 06:00:00,4.59,4.0,6.0,770527497.7096128,1
2024-06-18 12:00:00,4.59,4.0,6.0,770527497.7096128,1
2024-06-18 18:00:00,4.59,4.0,6.0,770527497.7096128,1
2024-06-19 00:00:00,4.59,4.0,6.0,770527497.7096128,1
2024-06-19 06:00:00,4.59,4.0,6.0,770527497.7096128,1
2024-06-19 12:00:00,4.59,4.0,6.0,770527497.7096128,1
2024-06-19 18:00:00,4.59,4.0,6.0,770527497.7096128,1
2024-06-20 00:00:00,4.59,4.0,6.0,770527497.7096128,1
2024-06-20 06:00:00,4.59,4.0,6.0,770527497.7096128,1
2024-06-20 12:00:00,4.59,4.0,6.0,770527497.7096128,1
2024-06-20 18:00:00,4.59,4.0,6.0,770527497.7096128,1
2024-06-21 00:00:00,4.59,4.0,6.0,770527497.7096128,1
2024-06-21 06:00:00,4.59,4.0,6.0,770527497.7096128,1
2024-06-21 12:00:00,4.59,4.0,6.0,770527497.7096128,1
2024-06-21 18:00:00,4.59,4.0,6.0,770527497.7096128,1
2024-06-22 00:00:00,4.59,4.0,6.0,770527497.7096128,1
2024-06-22 06:00:00,4.59,4.0,6.0,770527497.7096128,1
2024-06-22 12:00:00,4.2,4.0,6.0,705581110.0,0
2024-06-22 18:00:00,4.12,4.0,6.0,465935817.0,0
2024-06-23 00:00:00,4.59,4.0,6.0,770527497.7096128,1
2024-06-23 06:00:00,4.59,4.0,6.0,770527497.7096128,1
2024-06-23 12:00:00,4.59,4.0,6.0,770527497.7096128,1
2024-06-23 18:00:00,4.59,4.0,6.0,770527497.7096128,1
2024-06-24 00:00:00,4.59,4.0,6.0,770527497.7096128,1
2024-06-24 06:00:00,4.59,4.0,6.0,770527497.7096128,1
2024-06-24 12:00:00,4.59,4.0,6.0,770527497.7096128,1
2024-06-24 18:00:00,4.59,4.0,6.0,788661319.0,0
2024-06-25 00:00:00,4.59,4.0,6.0,770527497.7096128,1
2024-06-25 06:00:00,2.5,4.0,6.0,797865805.0,0
2024-06-25 12:00:00,4.59,4.0,6.0,770527497.7096128,1
2024-06-25 18:00:00,4.59,4.0,6.0,770527497.7096128,1
2024-06-26 00:00:00,4.12,4.0,6.0,565027152.5,0
2024-06-26 06:00:00,5.24,4.0,6.0,826986211.0,0
2024-06-26 12:00:00,5.81,4.0,6.0,696046071.0,0
2024-06-26 18:00:00,4.59,4.0,6.0,770527497.7096128,1
2024-06-27 00:00:00,4.59,4.0,6.0,770527497.7096128,1
2024-06-27 06:00:00,4.2,4.0,6.0,823657475.0,0
2024-06-27 12:00:00,4.59,4.0,6.0,770527497.7096128,1
2024-06-27 18:00:00,16.24,4.0,6.0,754150962.5,0
2024-06-28 00:00:00,4.59,4.0,6.0,770527497.7096128,1
2024-06-28 06:00:00,6.12,4.0,6.0,798622749.0,0
2024-06-28 12:00:00,5.84,4.0,6.0,524538291.0,0
2024-06-28 18:00:00,4.27,4.0,6.0,756941278.0,0
2024-06-29 00:00:00,4.59,4.0,6.0,770527497.7096128,1
2024-06-29 06:00:00,4.11,4.0,6.0,818903438.0,0
2024-06-29 12:00:00,5.15,4.0,6.0,678089342.0,0
2024-06-29 18:00:00,4.2,4.0,6.0,728315429.0,0
2024-06-30 00:00:00,4.59,4.0,6.0,770527497.7096128,1
2024-06-30 06:00:00,4.19,4.0,6.0,642703600.5,0
2024-06-30 12:00:00,4.25,4.0,6.0,796757605.0,0
2024-06-30 18:00:00,4.46,4.0,6.0,792903736.0,0
2024-07-01 00:00:00,3.99,4.0,6.0,799230381.0,0
2024-07-01 06:00:00,4.22,4.0,6.0,611487593.0,0
2024-07-01 12:00:00,3.75,4.0,6.0,777663548.0,0
2024-07-01 18:00:00,1.74,4.0,6.0,770081941.0,0
2024-07-02 00:00:00,4.59,4.0,6.0,770527497.7096128,1
2024-07-02 06:00:00,3.93,4.0,6.0,823688775.0,0
2024-07-02 12:00:00,3.85,4.0,6.0,697934139.0,0
2024-07-02 18:00:00,4.1,4.0,6.0,827697242.0,0
2024-07-03 00:00:00,4.59,4.0,6.0,770527497.7096128,1
2024-07-03 06:00:00,3.4,4.0,6.0,802007519.0,0
2024-07-03 12:00:00,4.59,4.0,6.0,770527497.7096128,1
2024-07-03 18:00:00,4.59,4.0,6.0,770527497.7096128,1
2024-07-04 00:00:00,4.59,4.0,6.0,770527497.7096128,1
2024-07-04 06:00:00,4.59,4.0,6.0,770527497.7096128,1
2024-07-04 12:00:00,4.59,4.0,6.0,770527497.7096128,1
2024-07-04 18:00:00,4.59,4.0,6.0,770527497.7096128,1
2024-07-05 00:00:00,4.59,4.0,6.0,770527497.7096128,1
2024-07-05 06:00:00,4.02,4.0,6.0,715943580.5,0
2024-07-05 12:00:00,4.11,4.0,6.0,642568593.0,0
2024-07-05 18:00:00,5.22,4.0,6.0,749995671.0,0
2024-07-06 00:00:00,5.76,4.0,6.0,770439405.0,0
2024-07-06 06:00:00,2.2,4.0,6.0,810368528.5,0
2024-07-06 12:00:00,4.59,4.0,6.0,770527497.7096128,1
2024-07-06 18:00:00,4.01,4.0,6.0,812362541.67,0
2024-07-07 00:00:00,4.59,4.0,6.0,770527497.7096128,1
2024-07-07 06:00:00,4.22,4.0,6.0,799492527.0,0
2024-07-07 12:00:00,4.59,4.0,6.0,770527497.7096128,1
2024-07-07 18:00:00,4.77,4.0,6.0,797805260.0,0
2024-07-08 00:00:00,4.59,4.0,6.0,770527497.7096128,1
2024-07-08 06:00:00,2.65,4.0,6.0,804312705.0,0
2024-07-08 12:00:00,4.59,4.0,6.0,770527497.7096128,1
2024-07-08 18:00:00,4.59,4.0,6.0,770527497.7096128,1
2024-07-09 00:00:00,3.88,4.0,6.0,858051371.0,0
2024-07-09 06:00:00,6.0,4.0,6.0,753521520.0,0
2024-07-09 12:00:00,5.1,4.0,6.0,677589811.0,0
2024-07-09 18:00:00,4.31,4.0,6.0,815214759.0,0
2024-07-10 00:00:00,4.59,4.0,6.0,770527497.7096128,1
2024-07-10 06:00:00,4.59,4.0,6.0,770527497.7096128,1
2024-07-10 12:00:00,3.71,4.0,6.0,728572097.0,0
2024-07-10 18:00:00,4.59,4.0,6.0,770527497.7096128,1
2024-07-11 00:00:00,4.59,4.0,6.0,770527497.7096128,1
2024-07-11 06:00:00,2.71,4.0,6.0,717164877.0,0
2024-07-11 12:00:00,1.38,4.0,6.0,814167567.0,0
2024-07-11 18:00:00,4.32,4.0,6.0,818888538.0,0
2024-07-12 00:00:00,4.59,4.0,6.0,770527497.7096128,1
2024-07-12 06:00:00,2.61,4.0,6.0,713557109.0,0
2024-07-12 12:00:00,4.39,4.0,6.0,812438228.0,0
2024-07-12 18:00:00,4.59,4.0,6.0,770527497.7096128,1
2024-07-13 00:00:00,5.52,4.0,6.0,834461370.0,0
2024-07-13 06:00:00,4.45,4.0,6.0,783811931.0,0
2024-07-13 12:00:00,4.49,4.0,6.0,766720726.0,0
2024-07-13 18:00:00,4.59,4.0,6.0,770527497.7096128,1
2024-07-14 00:00:00,4.59,4.0,6.0,770527497.7096128,1
2024-07-14 06:00:00,4.59,4.0,6.0,770527497.7096128,1
2024-07-14 12:00:00,4.59,4.0,6.0,770527497.7096128,1
2024-07-14 18:00:00,4.59,4.0,6.0,770527497.7096128,1
2024-07-15 00:00:00,4.59,4.0,6.0,770527497.7096128,1
2024-07-15 06:00:00,4.59,4.0,6.0,770527497.7096128,1
2024-07-15 12:00:00,4.59,4.0,6.0,770527497.7096128,1
2024-07-15 18:00:00,4.59,4.0,6.0,770527497.7096128,1
2024-07-16 00:00:00,4.59,4.0,6.0,770527497.7096128,1
2024-07-16 06:00:00,4.59,4.0,6.0,770527497.7096128,1
2024-07-16 12:00:00,4.59,4.0,6.0,770527497.7096128,1
2024-07-16 18:00:00,4.59,4.0,6.0,770527497.7096128,1
2024-07-17 00:00:00,4.59,4.0,6.0,770527497.7096128,1
2024-07-17 06:00:00,4.59,4.0,6.0,770527497.7096128,1
2024-07-17 12:00:00,4.59,4.0,6.0,770527497.7096128,1
2024-07-17 18:00:00,4.59,4.0,6.0,770527497.7096128,1
2024-07-18 00:00:00,4.59,4.0,6.0,770527497.7096128,1
2024-07-18 06:00:00,4.59,4.0,6.0,770527497.7096128,1
2024-07-18 12:00:00,4.59,4.0,6.0,770527497.7096128,1
2024-07-18 18:00:00,4.59,4.0,6.0,770527497.7096128,1
2024-07-19 00:00:00,4.59,4.0,6.0,770527497.7096128,1
2024-07-19 06:00:00,4.59,4.0,6.0,770527497.7096128,1
2024-07-19 12:00:00,4.59,4.0,6.0,770527497.7096128,1
2024-07-19 18:00:00,4.59,4.0,6.0,770527497.7096128,1
2024-07-20 00:00:00,4.59,4.0,6.0,770527497.7096128,1
2024-07-20 06:00:00,4.59,4.0,6.0,770527497.7096128,1
2024-07-20 12:00:00,4.59,4.0,6.0,770527497.7096128,1
2024-07-20 18:00:00,4.59,4.0,6.0,770527497.7096128,1
2024-07-21 00:00:00,4.59,4.0,6.0,770527497.7096128,1
2024-07-21 06:00:00,4.59,4.0,6.0,813959439.0,0
2024-07-21 12:00:00,4.59,4.0,6.0,770527497.7096128,1
2024-07-21 18:00:00,4.59,4.0,6.0,770527497.7096128,1
2024-07-22 00:00:00,4.59,4.0,6.0,720974115.5,0
2024-07-22 06:00:00,4.59,4.0,6.0,696833340.0,0
2024-07-22 12:00:00,4.59,4.0,6.0,614978783.0,0
2024-07-22 18:00:00,4.59,4.0,6.0,646396517.0,0
2024-07-23 00:00:00,4.59,4.0,6.0,784697283.5,0
2024-07-23 06:00:00,4.59,4.0,6.0,652428775.5,0
2024-07-23 12:00:00,4.59,4.0,6.0,770527497.7096128,1
2024-07-23 18:00:00,4.59,4.0,6.0,703854282.0,0
2024-07-24 00:00:00,4.59,4.0,6.0,810655946.0,0
2024-07-24 06:00:00,4.59,4.0,6.0,770527497.7096128,1
2024-07-24 12:00:00,4.59,4.0,6.0,568814509.5,0
2024-07-24 18:00:00,4.59,4.0,6.0,582485540.0,0
2024-07-25 00:00:00,4.59,4.0,6.0,798958218.0,0
2024-07-25 06:00:00,4.59,4.0,6.0,770527497.7096128,1
2024-07-25 12:00:00,4.59,4.0,6.0,770527497.7096128,1
2024-07-25 18:00:00,4.59,4.0,6.0,758224130.0,0
2024-07-26 00:00:00,4.59,4.0,6.0,702966404.0,0
2024-07-26 06:00:00,4.59,4.0,6.0,690960223.5,0
2024-07-26 12:00:00,4.59,4.0,6.0,770527497.7096128,1
2024-07-26 18:00:00,4.59,4.0,6.0,770527497.7096128,1
2024-07-27 00:00:00,4.59,4.0,6.0,753960607.0,0
2024-07-27 06:00:00,4.59,4.0,6.0,820724169.0,0
2024-07-27 12:00:00,4.59,4.0,6.0,770600929.0,0
2024-07-27 18:00:00,4.59,4.0,6.0,780927600.0,0
2024-07-28 00:00:00,4.59,4.0,6.0,781189393.0,0
2024-07-28 06:00:00,4.59,4.0,6.0,770527497.7096128,1
2024-07-28 12:00:00,4.59,4.0,6.0,833137562.0,0
2024-07-28 18:00:00,4.59,4.0,6.0,782710839.0,0
2024-07-29 00:00:00,4.59,4.0,6.0,770527497.7096128,1
2024-07-29 06:00:00,4.59,4.0,6.0,663830254.5,0
2024-07-29 12:00:00,4.59,4.0,6.0,770527497.7096128,1
2024-07-29 18:00:00,4.59,4.0,6.0,771801277.0,0
2024-07-30 00:00:00,4.59,4.0,6.0,726140695.0,0
2024-07-30 06:00:00,4.59,4.0,6.0,791415901.0,0
2024-07-30 12:00:00,4.59,4.0,6.0,551031206.0,0
2024-07-30 18:00:00,4.59,4.0,6.0,716703702.0,0
2024-07-31 00:00:00,4.59,4.0,6.0,806834170.0,0
2024-07-31 06:00:00,4.59,4.0,6.0,571161603.0,0
2024-07-31 12:00:00,4.59,4.0,6.0,513121589.0,0
2024-07-31 18:00:00,4.59,4.0,6.0,673239668.0,0
2024-08-01 00:00:00,4.59,4.0,6.0,824077691.0,0
2024-08-01 06:00:00,4.59,4.0,6.0,806615901.0,0
2024-08-01 12:00:00,4.59,4.0,6.0,538221008.0,0
2024-08-01 18:00:00,4.59,4.0,6.0,819306414.0,0
2024-08-02 00:00:00,4.59,4.0,6.0,810368991.5,0
2024-08-02 06:00:00,4.59,4.0,6.0,663753077.0,0
2024-08-02 12:00:00,4.59,4.0,6.0,770527497.7096128,1
2024-08-02 18:00:00,4.59,4.0,6.0,623851102.0,0
2024-08-03 00:00:00,4.59,4.0,6.0,806931973.0,0
2024-08-03 06:00:00,4.59,4.0,6.0,770527497.7096128,1
2024-08-03 12:00:00,4.59,4.0,6.0,614729401.0,0
2024-08-03 18:00:00,4.59,4.0,6.0,770527497.7096128,1
2024-08-04 00:00:00,4.59,4.0,6.0,697041070.0,0
2024-08-04 06:00:00,4.59,4.0,6.0,784519588.5,0
2024-08-04 12:00:00,4.59,4.0,6.0,770527497.7096128,1
2024-08-04 18:00:00,4.59,4.0,6.0,811861185.0,0
2024-08-05 00:00:00,4.59,4.0,6.0,804782376.0,0
2024-08-05 06:00:00,4.59,4.0,6.0,663436460.5,0
2024-08-05 12:00:00,4.59,4.0,6.0,770527497.7096128,1
2024-08-05 18:00:00,4.59,4.0,6.0,771441683.0,0
2024-08-06 00:00:00,4.59,4.0,6.0,802320654.0,0
2024-08-06 06:00:00,4.59,4.0,6.0,813496771.0,0
2024-08-06 12:00:00,4.59,4.0,6.0,658087745.0,0
2024-08-06 18:00:00,4.59,4.0,6.0,817524771.0,0
2024-08-07 00:00:00,4.59,4.0,6.0,823034533.5,0
2024-08-07 06:00:00,4.59,4.0,6.0,586777349.0,0
2024-08-07 12:00:00,4.59,4.0,6.0,517551408.0,0
2024-08-07 18:00:00,4.59,4.0,6.0,703151852.0,0
2024-08-08 00:00:00,4.59,4.0,6.0,778464846.0,0
2024-08-08 06:00:00,4.59,4.0,6.0,798387003.0,0
2024-08-08 12:00:00,4.59,4.0,6.0,436942908.0,0
2024-08-08 18:00:00,4.59,4.0,6.0,720189558.0,0
2024-08-09 00:00:00,4.59,4.0,6.0,811406697.0,0
2024-08-09 06:00:00,4.59,4.0,6.0,626211309.0,0
2024-08-09 12:00:00,4.59,4.0,6.0,770527497.7096128,1
2024-08-09 18:00:00,4.59,4.0,6.0,770527497.7096128,1
2024-08-10 00:00:00,4.59,4.0,6.0,785821588.0,0
2024-08-10 06:00:00,4.59,4.0,6.0,807182915.5,0
2024-08-10 12:00:00,4.59,4.0,6.0,662230192.0,0
2024-08-10 18:00:00,4.59,4.0,6.0,770527497.7096128,1
2024-08-11 00:00:00,4.59,4.0,6.0,789135112.5,0
2024-08-11 06:00:00,4.59,4.0,6.0,783737842.0,0
2024-08-11 12:00:00,4.59,4.0,6.0,801952206.5,0
2024-08-11 18:00:00,4.59,4.0,6.0,823683113.0,0
2024-08-12 00:00:00,4.59,4.0,6.0,770527497.7096128,1
2024-08-12 06:00:00,4.59,4.0,6.0,770527497.7096128,1
2024-08-12 12:00:00,4.59,4.0,6.0,770527497.7096128,1
2024-08-12 18:00:00,4.59,4.0,6.0,770527497.7096128,1
2024-08-13 00:00:00,4.59,4.0,6.0,770527497.7096128,1
2024-08-13 06:00:00,4.59,4.0,6.0,770527497.7096128,1
2024-08-13 12:00:00,4.59,4.0,6.0,770527497.7096128,1
2024-08-13 18:00:00,4.59,4.0,6.0,770527497.7096128,1
2024-08-14 00:00:00,4.59,4.0,6.0,770527497.7096128,1
2024-08-14 06:00:00,4.59,4.0,6.0,770527497.7096128,1
2024-08-14 12:00:00,4.59,4.0,6.0,770527497.7096128,1
2024-08-14 18:00:00,4.59,4.0,6.0,770527497.7096128,1
2024-08-15 00:00:00,4.59,4.0,6.0,770527497.7096128,1
2024-08-15 06:00:00,4.59,4.0,6.0,770527497.7096128,1
2024-08-15 12:00:00,4.59,4.0,6.0,770527497.7096128,1
2024-08-15 18:00:00,4.59,4.0,6.0,770527497.7096128,1
2024-08-16 00:00:00,4.59,4.0,6.0,770527497.7096128,1
2024-08-16 06:00:00,4.59,4.0,6.0,770527497.7096128,1
2024-08-16 12:00:00,4.59,4.0,6.0,770527497.7096128,1
2024-08-16 18:00:00,4.59,4.0,6.0,770527497.7096128,1
2024-08-17 00:00:00,4.59,4.0,6.0,770527497.7096128,1
2024-08-17 06:00:00,4.59,4.0,6.0,770527497.7096128,1
2024-08-17 12:00:00,4.59,4.0,6.0,770527497.7096128,1
2024-08-17 18:00:00,4.59,4.0,6.0,770527497.7096128,1
2024-08-18 00:00:00,4.59,4.0,6.0,770527497.7096128,1
2024-08-18 06:00:00,4.59,4.0,6.0,770527497.7096128,1
2024-08-18 12:00:00,4.59,4.0,6.0,770527497.7096128,1
2024-08-18 18:00:00,4.59,4.0,6.0,770527497.7096128,1
2024-08-19 00:00:00,4.59,4.0,6.0,770527497.7096128,1
2024-08-19 06:00:00,4.59,4.0,6.0,770527497.7096128,1
2024-08-19 12:00:00,4.59,4.0,6.0,634128682.0,0
2024-08-19 18:00:00,4.59,4.0,6.0,770527497.7096128,1
2024-08-20 00:00:00,4.59,4.0,6.0,849453328.0,0
2024-08-20 06:00:00,4.59,4.0,6.0,762627252.0,0
2024-08-20 12:00:00,4.59,4.0,6.0,770527497.7096128,1
2024-08-20 18:00:00,4.59,4.0,6.0,775160156.0,0
2024-08-21 00:00:00,4.59,4.0,6.0,851428428.0,0
2024-08-21 06:00:00,4.59,4.0,6.0,770527497.7096128,1
2024-08-21 12:00:00,4.59,4.0,6.0,687595208.5,0
2024-08-21 18:00:00,4.59,4.0,6.0,787324831.5,0
2024-08-22 00:00:00,4.59,4.0,6.0,825911671.0,0
2024-08-22 06:00:00,4.59,5.0,6.0,556233455.5,0
2024-08-22 12:00:00,4.59,4.0,6.0,623431234.0,0
2024-08-22 18:00:00,4.59,4.0,6.0,851691725.0,0
2024-08-23 00:00:00,4.59,4.0,6.0,863658888.0,0
2024-08-23 06:00:00,4.59,4.0,6.0,556947160.0,0
2024-08-23 12:00:00,4.59,4.0,6.0,593650975.0,0
2024-08-23 18:00:00,4.59,4.0,6.0,762024570.0,0
2024-08-24 00:00:00,4.59,4.0,6.0,821719125.5,0
2024-08-24 06:00:00,4.59,4.0,6.0,811914385.0,0
2024-08-24 12:00:00,4.59,4.0,6.0,843213360.0,0
2024-08-24 18:00:00,4.59,4.0,6.0,831993296.0,0
2024-08-25 00:00:00,4.59,4.0,6.0,770527497.7096128,1
2024-08-25 06:00:00,4.59,4.0,6.0,830578115.5,0
2024-08-25 12:00:00,4.59,4.0,6.0,844309469.0,0
2024-08-25 18:00:00,4.59,4.0,6.0,864344308.0,0
2024-08-26 00:00:00,4.59,4.0,6.0,853805227.0,0
2024-08-26 06:00:00,4.59,4.0,6.0,695277938.67,0
2024-08-26 12:00:00,4.59,4.0,6.0,670790069.0,0
2024-08-26 18:00:00,4.59,4.0,6.0,604820995.0,0
2024-08-27 00:00:00,4.59,4.0,6.0,773326423.0,0
2024-08-27 06:00:00,4.59,4.0,6.0,557424713.0,0
2024-08-27 12:00:00,4.59,4.0,6.0,584783203.0,0
2024-08-27 18:00:00,4.59,4.0,6.0,814653329.0,0
2024-08-28 00:00:00,4.59,4.0,6.0,783563883.0,0
2024-08-28 06:00:00,4.59,4.0,6.0,851917362.0,0
2024-08-28 12:00:00,4.59,4.0,6.0,798807024.5,0
2024-08-28 18:00:00,4.59,4.0,6.0,843316910.0,0
2024-08-29 00:00:00,4.59,4.0,6.0,784413409.0,0
2024-08-29 06:00:00,4.59,4.0,6.0,810757679.0,0
2024-08-29 12:00:00,4.59,4.0,6.0,687474305.0,0
2024-08-29 18:00:00,4.59,4.0,6.0,836831976.5,0
2024-08-30 00:00:00,4.59,4.0,6.0,867119142.0,0
2024-08-30 06:00:00,4.59,4.0,6.0,810655362.0,0
2024-08-30 12:00:00,4.59,4.0,6.0,811809122.0,0
2024-08-30 18:00:00,4.59,4.0,6.0,770527497.7096128,1
2024-08-31 00:00:00,4.59,4.0,6.0,770527497.7096128,1
2024-08-31 06:00:00,4.59,4.0,6.0,770527497.7096128,1
2024-08-31 12:00:00,4.59,4.0,6.0,770527497.7096128,1
2024-08-31 18:00:00,4.59,4.0,6.0,770527497.7096128,1
2024-09-01 00:00:00,4.59,4.0,6.0,770527497.7096128,1
2024-09-01 06:00:00,4.59,4.0,6.0,770527497.7096128,1
2024-09-01 12:00:00,4.59,4.0,6.0,770527497.7096128,1
2024-09-01 18:00:00,4.59,4.0,6.0,770527497.7096128,1
2024-09-02 00:00:00,4.59,4.0,6.0,770527497.7096128,1
2024-09-02 06:00:00,4.59,4.0,6.0,770527497.7096128,1
2024-09-02 12:00:00,4.59,4.0,6.0,770527497.7096128,1
2024-09-02 18:00:00,4.59,4.0,6.0,770527497.7096128,1
2024-09-03 00:00:00,4.59,4.0,6.0,770527497.7096128,1
2024-09-03 06:00:00,4.59,4.0,6.0,770527497.7096128,1
2024-09-03 12:00:00,4.59,4.0,6.0,770527497.7096128,1
2024-09-03 18:00:00,4.59,4.0,6.0,770527497.7096128,1
2024-09-04 00:00:00,4.59,4.0,6.0,770527497.7096128,1
2024-09-04 06:00:00,4.59,4.0,6.0,770527497.7096128,1
2024-09-04 12:00:00,4.59,4.0,6.0,770527497.7096128,1
2024-09-04 18:00:00,4.59,4.0,6.0,850791054.5,0
2024-09-05 00:00:00,4.59,4.0,6.0,871472385.0,0
2024-09-05 06:00:00,4.59,4.0,6.0,803604676.0,0
2024-09-05 12:00:00,4.59,4.0,6.0,770527497.7096128,1
2024-09-05 18:00:00,4.59,4.0,6.0,823766824.0,0
2024-09-06 00:00:00,4.59,4.0,6.0,770527497.7096128,1
2024-09-06 06:00:00,4.59,4.0,6.0,459341096.0,0
2024-09-06 12:00:00,4.59,4.0,6.0,757219474.0,0
2024-09-06 18:00:00,4.59,4.0,6.0,598422020.5,0
2024-09-07 00:00:00,4.59,4.0,6.0,660318285.5,0
2024-09-07 06:00:00,4.59,4.0,6.0,802772351.0,0
2024-09-07 12:00:00,4.59,4.0,6.0,723625698.0,0
2024-09-07 18:00:00,4.59,4.0,6.0,867800673.0,0
2024-09-08 00:00:00,4.59,4.0,6.0,793537410.0,0
2024-09-08 06:00:00,4.59,4.0,6.0,842531557.0,0
2024-09-08 12:00:00,4.59,4.0,6.0,798651450.0,0
2024-09-08 18:00:00,4.59,4.0,6.0,865809030.0,0
2024-09-09 00:00:00,4.59,4.0,6.0,781084731.0,0
2024-09-09 06:00:00,4.59,4.0,6.0,770527497.7096128,1
2024-09-09 12:00:00,4.59,4.0,6.0,770527497.7096128,1
2024-09-09 18:00:00,4.59,29.0,6.0,797430452.0,0
2024-09-10 00:00:00,4.59,4.0,6.0,822977671.0,0
2024-09-10 06:00:00,4.59,4.0,6.0,864656418.0,0
2024-09-10 12:00:00,4.59,4.0,6.0,650489455.0,0
2024-09-10 18:00:00,4.59,4.0,6.0,763837012.5,0
2024-09-11 00:00:00,4.59,4.0,6.0,770527497.7096128,1
2024-09-11 06:00:00,4.59,4.0,6.0,852980095.5,0
2024-09-11 12:00:00,4.59,4.0,6.0,814115016.0,0
2024-09-11 18:00:00,4.59,4.0,6.0,475267380.0,0
2024-09-12 00:00:00,4.59,4.0,6.0,838447910.0,0
2024-09-12 06:00:00,4.59,4.0,6.0,538550464.0,0
2024-09-12 12:00:00,4.59,4.0,6.0,453196450.0,0
2024-09-12 18:00:00,4.59,24.0,6.0,757761585.0,0
2024-09-13 00:00:00,4.59,4.0,6.0,858524390.0,0
2024-09-13 06:00:00,4.59,4.0,6.0,656304965.0,0
2024-09-13 12:00:00,4.59,4.0,6.0,837290280.0,0
2024-09-13 18:00:00,4.59,4.0,6.0,816474355.0,0
2024-09-14 00:00:00,4.59,4.0,6.0,797181936.0,0
2024-09-14 06:00:00,4.59,4.0,6.0,770527497.7096128,1
2024-09-14 12:00:00,4.59,4.0,6.0,845519468.0,0
2024-09-14 18:00:00,4.59,4.0,6.0,770527497.7096128,1
2024-09-15 00:00:00,4.59,4.0,6.0,844343200.0,0
2024-09-15 06:00:00,4.59,4.0,6.0,857370095.0,0
2024-09-15 12:00:00,4.59,4.0,6.0,779104585.5,0
2024-09-15 18:00:00,4.59,4.0,6.0,770527497.7096128,1
2024-09-16 00:00:00,4.59,4.0,6.0,831128306.0,0
2024-09-16 06:00:00,4.59,4.0,6.0,770527497.7096128,1
2024-09-16 12:00:00,4.59,4.0,6.0,791572278.0,0
2024-09-16 18:00:00,4.59,4.0,6.0,790784628.5,0
2024-09-17 00:00:00,4.59,4.0,6.0,838863192.5,0
2024-09-17 06:00:00,4.59,4.0,6.0,651695685.0,0
2024-09-17 12:00:00,4.59,4.0,6.0,642779337.0,0
2024-09-17 18:00:00,4.59,4.0,6.0,743306091.0,0
2024-09-18 00:00:00,4.59,4.0,6.0,833896693.67,0
2024-09-18 06:00:00,4.59,4.0,6.0,784342181.0,0
2024-09-18 12:00:00,4.59,4.0,6.0,770527497.7096128,1
2024-09-18 18:00:00,4.59,4.0,6.0,838733071.0,0
2024-09-19 00:00:00,4.59,4.0,6.0,854744888.0,0
2024-09-19 06:00:00,4.59,4.0,6.0,770527497.7096128,1
2024-09-19 12:00:00,4.59,4.0,6.0,731120933.0,0
2024-09-19 18:00:00,4.59,4.0,6.0,730177138.0,0
2024-09-20 00:00:00,4.59,4.0,6.0,820435276.5,0
2024-09-20 06:00:00,4.59,4.0,6.0,770527497.7096128,1
2024-09-20 12:00:00,4.59,4.0,6.0,786853122.0,0
2024-09-20 18:00:00,4.59,4.0,6.0,484653135.0,0
2024-09-21 00:00:00,4.59,4.0,6.0,741056570.33,0
2024-09-21 06:00:00,4.59,4.0,6.0,835140735.0,0
2024-09-21 12:00:00,4.59,4.0,6.0,803059157.0,0
2024-09-21 18:00:00,4.59,4.0,6.0,852077203.0,0
2024-09-22 00:00:00,4.59,4.0,6.0,829317307.0,0
2024-09-22 06:00:00,4.59,4.0,6.0,869673893.33,0
2024-09-22 12:00:00,4.59,4.0,6.0,815794412.0,0
2024-09-22 18:00:00,4.59,4.0,6.0,742340678.0,0
2024-09-23 00:00:00,4.59,4.0,6.0,824150504.0,0
2024-09-23 06:00:00,4.59,4.0,6.0,885210824.0,0
2024-09-23 12:00:00,4.59,4.0,6.0,488473039.0,0
2024-09-23 18:00:00,4.59,4.0,6.0,849242848.0,0
2024-09-24 00:00:00,4.59,4.0,6.0,748422878.0,0
2024-09-24 06:00:00,4.59,4.0,6.0,770527497.7096128,1
2024-09-24 12:00:00,4.59,4.0,6.0,833960008.0,0
2024-09-24 18:00:00,4.59,4.0,6.0,768763532.0,0
2024-09-25 00:00:00,4.59,4.0,6.0,794298226.0,0
2024-09-25 06:00:00,4.59,4.0,6.0,843576095.0,0
2024-09-25 12:00:00,4.59,4.0,6.0,770527497.7096128,1
2024-09-25 18:00:00,4.59,4.0,6.0,841190023.0,0
2024-09-26 00:00:00,4.59,4.0,6.0,863371607.0,0
2024-09-26 06:00:00,4.59,4.0,6.0,783254744.0,0
2024-09-26 12:00:00,4.59,4.0,6.0,770527497.7096128,1
2024-09-26 18:00:00,4.59,4.0,6.0,800904867.0,0
2024-09-27 00:00:00,4.59,4.0,6.0,855636903.0,0
2024-09-27 06:00:00,4.59,4.0,6.0,770527497.7096128,1
2024-09-27 12:00:00,4.59,4.0,6.0,770527497.7096128,1
2024-09-27 18:00:00,4.59,4.0,6.0,859937091.0,0
2024-09-28 00:00:00,4.59,4.0,6.0,832714453.0,0
2024-09-28 06:00:00,4.59,4.0,6.0,846935893.0,0
2024-09-28 12:00:00,4.59,4.0,6.0,770527497.7096128,1
2024-09-28 18:00:00,4.59,4.0,6.0,831011936.0,0
2024-09-29 00:00:00,4.59,4.0,6.0,801533578.0,0
2024-09-29 06:00:00,4.59,4.0,6.0,720783008.5,0
2024-09-29 12:00:00,4.59,4.0,6.0,770527497.7096128,1
2024-09-29 18:00:00,4.59,4.0,6.0,834039018.0,0
2024-09-30 00:00:00,4.59,4.0,6.0,816397712.5,0
2024-09-30 06:00:00,4.59,4.0,6.0,770527497.7096128,1
2024-09-30 12:00:00,4.59,4.0,6.0,729550217.0,0
2024-09-30 18:00:00,4.59,4.0,6.0,756236014.0,0
2024-10-01 00:00:00,4.59,4.0,6.0,864814353.0,0
2024-10-01 06:00:00,4.59,4.0,6.0,819619717.0,0
2024-10-01 12:00:00,4.59,4.0,6.0,770527497.7096128,1
2024-10-01 18:00:00,4.59,4.0,6.0,767244325.0,0
2024-10-02 00:00:00,4.59,4.0,6.0,531629148.0,0
2024-10-02 06:00:00,4.59,4.0,6.0,750965142.5,0
2024-10-02 12:00:00,4.59,4.0,6.0,598475978.0,0
2024-10-02 18:00:00,4.59,4.0,6.0,815583676.0,0
2024-10-03 00:00:00,4.59,4.0,6.0,837683001.0,0
2024-10-03 06:00:00,4.59,4.0,6.0,845938222.0,0
2024-10-03 12:00:00,4.59,4.0,6.0,851916082.0,0
2024-10-03 18:00:00,4.59,4.0,6.0,828996351.0,0
2024-10-04 00:00:00,4.59,4.0,6.0,804304401.0,0
2024-10-04 06:00:00,4.59,4.0,6.0,770527497.7096128,1
2024-10-04 12:00:00,4.59,4.0,6.0,770527497.7096128,1
2024-10-04 18:00:00,4.59,4.0,6.0,764256528.0,0
2024-10-05 00:00:00,4.59,4.0,6.0,827799606.0,0
2024-10-05 06:00:00,4.59,4.0,6.0,847558860.0,0
2024-10-05 12:00:00,4.59,4.0,6.0,853593676.0,0
2024-10-05 18:00:00,4.59,4.0,6.0,820987052.0,0
2024-10-06 00:00:00,4.59,4.0,6.0,854591747.0,0
2024-10-06 06:00:00,4.59,4.0,6.0,840093803.5,0
2024-10-06 12:00:00,4.59,4.0,6.0,866936855.5,0
2024-10-06 18:00:00,4.59,4.0,6.0,770527497.7096128,1
2024-10-07 00:00:00,4.59,4.0,6.0,813289915.0,0
2024-10-07 06:00:00,4.59,4.0,6.0,770527497.7096128,1
2024-10-07 12:00:00,4.59,4.0,6.0,770527497.7096128,1
2024-10-07 18:00:00,4.59,4.0,6.0,770527497.7096128,1
2024-10-08 00:00:00,4.59,4.0,6.0,771336786.0,0
2024-10-08 06:00:00,4.59,4.0,6.0,621148138.0,0
2024-10-08 12:00:00,4.59,4.0,6.0,770527497.7096128,1
2024-10-08 18:00:00,4.59,4.0,6.0,770527497.7096128,1
2024-10-09 00:00:00,4.59,4.0,6.0,770527497.7096128,1
2024-10-09 06:00:00,4.59,4.0,6.0,770527497.7096128,1
2024-10-09 12:00:00,4.59,4.0,6.0,770527497.7096128,1
2024-10-09 18:00:00,4.59,4.0,6.0,770527497.7096128,1
2024-10-10 00:00:00,4.59,4.0,6.0,770527497.7096128,1
2024-10-10 06:00:00,4.59,4.0,6.0,770527497.7096128,1
2024-10-10 12:00:00,4.59,4.0,6.0,770527497.7096128,1
2024-10-10 18:00:00,4.59,4.0,6.0,770527497.7096128,1
2024-10-11 00:00:00,4.59,4.0,6.0,770527497.7096128,1
2024-10-11 06:00:00,4.59,4.0,6.0,770527497.7096128,1
2024-10-11 12:00:00,4.59,4.0,6.0,770527497.7096128,1
2024-10-11 18:00:00,4.59,4.0,6.0,827523818.0,0
2024-10-12 00:00:00,4.59,4.0,6.0,786879923.5,0
2024-10-12 06:00:00,4.59,4.0,6.0,770527497.7096128,1
2024-10-12 12:00:00,4.59,4.0,6.0,813818209.33,0
2024-10-12 18:00:00,4.59,4.0,6.0,837659628.0,0
2024-10-13 00:00:00,4.59,4.0,6.0,770527497.7096128,1
2024-10-13 06:00:00,4.59,4.0,6.0,770527497.7096128,1
2024-10-13 12:00:00,4.59,4.0,6.0,770527497.7096128,1
2024-10-13 18:00:00,4.59,4.0,6.0,770527497.7096128,1
2024-10-14 00:00:00,4.59,4.0,6.0,770527497.7096128,1
2024-10-14 06:00:00,4.59,4.0,6.0,770527497.7096128,1
2024-10-14 12:00:00,4.59,4.0,6.0,788894102.0,0
2024-10-14 18:00:00,4.59,4.0,6.0,821146516.0,0
2024-10-15 00:00:00,4.59,4.0,6.0,849504809.5,0
2024-10-15 06:00:00,4.59,4.0,6.0,792409556.0,0
2024-10-15 12:00:00,4.59,4.0,6.0,615570911.0,0
2024-10-15 18:00:00,4.59,4.0,6.0,770527497.7096128,1
2024-10-16 00:00:00,4.59,4.0,6.0,770527497.7096128,1
2024-10-16 06:00:00,4.59,4.0,6.0,770527497.7096128,1
2024-10-16 12:00:00,4.59,4.0,6.0,770527497.7096128,1
2024-10-16 18:00:00,4.59,4.0,6.0,770527497.7096128,1
2024-10-17 00:00:00,4.59,4.0,6.0,834182895.0,0
2024-10-17 06:00:00,4.59,4.0,6.0,600995030.0,0
2024-10-17 12:00:00,4.59,4.0,6.0,738037154.0,0
2024-10-17 18:00:00,4.59,4.0,6.0,795949345.5,0
2024-10-18 00:00:00,4.59,4.0,6.0,770439289.0,0
2024-10-18 06:00:00,4.59,4.0,6.0,732746777.0,0
2024-10-18 12:00:00,4.59,4.0,6.0,771854053.0,0
2024-10-18 18:00:00,4.59,4.0,6.0,818394775.0,0
2024-10-19 00:00:00,4.59,4.0,6.0,815950963.5,0
2024-10-19 06:00:00,4.59,4.0,6.0,853465150.5,0
2024-10-19 12:00:00,4.59,4.0,6.0,770527497.7096128,1
2024-10-19 18:00:00,4.59,4.0,6.0,842529030.0,0
2024-10-20 00:00:00,4.59,4.0,6.0,839229018.0,0
2024-10-20 06:00:00,4.59,4.0,6.0,770527497.7096128,1
2024-10-20 12:00:00,4.59,4.0,6.0,843904535.0,0
2024-10-20 18:00:00,4.59,4.0,6.0,816477131.0,0
2024-10-21 00:00:00,4.59,4.0,6.0,777363994.0,0
2024-10-21 06:00:00,4.59,4.0,6.0,720548524.5,0
2024-10-21 12:00:00,4.59,4.0,6.0,630431498.0,0
2024-10-21 18:00:00,4.59,4.0,6.0,770527497.7096128,1
2024-10-22 00:00:00,4.59,4.0,6.0,867541732.0,0
2024-10-22 06:00:00,4.59,4.0,6.0,747270600.0,0
2024-10-22 12:00:00,4.59,4.0,6.0,594466081.0,0
2024-10-22 18:00:00,4.59,4.0,6.0,822829307.0,0
2024-10-23 00:00:00,4.59,4.0,6.0,847193209.0,0
2024-10-23 06:00:00,4.59,4.0,6.0,770527497.7096128,1
2024-10-23 12:00:00,4.59,4.0,6.0,770527497.7096128,1
2024-10-23 18:00:00,4.59,4.0,6.0,805206623.0,0
2024-10-24 00:00:00,4.59,4.0,6.0,798885017.5,0
2024-10-24 06:00:00,4.59,4.0,6.0,764756249.0,0
2024-10-24 12:00:00,4.59,4.0,6.0,545681787.0,0
2024-10-24 18:00:00,4.59,4.0,6.0,727975744.0,0
2024-10-25 00:00:00,4.59,4.0,6.0,826494545.0,0
2024-10-25 06:00:00,4.59,4.0,6.0,736887299.0,0
2024-10-25 12:00:00,4.59,4.0,6.0,770527497.7096128,1
2024-10-25 18:00:00,4.59,4.0,6.0,855166141.0,0
2024-10-26 00:00:00,4.59,4.0,6.0,870055936.0,0
2024-10-26 06:00:00,4.59,4.0,6.0,770527497.7096128,1
2024-10-26 12:00:00,4.59,4.0,6.0,770527497.7096128,1
2024-10-26 18:00:00,4.59,4.0,6.0,825535546.0,0
2024-10-27 00:00:00,4.59,4.0,6.0,770527497.7096128,1
2024-10-27 06:00:00,4.59,4.0,6.0,850761924.0,0
2024-10-27 12:00:00,4.59,4.0,6.0,846781528.0,0
2024-10-27 18:00:00,4.59,4.0,6.0,770527497.7096128,1
2024-10-28 00:00:00,4.59,4.0,6.0,859390920.0,0
2024-10-28 06:00:00,4.59,4.0,6.0,832073092.5,0
2024-10-28 12:00:00,4.59,4.0,6.0,770527497.7096128,1
2024-10-28 18:00:00,4.59,4.0,6.0,770527497.7096128,1
2024-10-29 00:00:00,4.59,4.0,6.0,834299911.0,0
2024-10-29 06:00:00,4.59,4.0,6.0,770527497.7096128,1
2024-10-29 12:00:00,4.59,4.0,6.0,663471273.5,0
2024-10-29 18:00:00,4.59,4.0,6.0,750626132.0,0
2024-10-30 00:00:00,4.59,4.0,6.0,770527497.7096128,1
2024-10-30 06:00:00,4.59,4.0,6.0,770527497.7096128,1
2024-10-30 12:00:00,4.59,4.0,6.0,794681907.67,0
2024-10-30 18:00:00,4.59,4.0,6.0,845259184.0,0
2024-10-31 00:00:00,4.59,4.0,6.0,828152020.67,0
2024-10-31 06:00:00,4.59,4.0,6.0,770527497.7096128,1
2024-10-31 12:00:00,4.59,4.0,6.0,834392124.0,0
2024-10-31 18:00:00,4.59,4.0,6.0,725763402.0,0
2024-11-01 00:00:00,4.59,4.0,6.0,770527497.7096128,1
2024-11-01 06:00:00,4.59,4.0,6.0,770527497.7096128,1
2024-11-01 12:00:00,4.59,4.0,6.0,770527497.7096128,1
2024-11-01 18:00:00,4.59,4.0,6.0,770527497.7096128,1
2024-11-02 00:00:00,4.59,4.0,6.0,770527497.7096128,1
2024-11-02 06:00:00,4.59,4.0,6.0,770527497.7096128,1
2024-11-02 12:00:00,4.59,4.0,6.0,770527497.7096128,1
2024-11-02 18:00:00,4.59,4.0,6.0,770527497.7096128,1
2024-11-03 00:00:00,4.59,4.0,6.0,770527497.7096128,1
2024-11-03 06:00:00,4.59,4.0,6.0,770527497.7096128,1
2024-11-03 12:00:00,4.59,4.0,6.0,770527497.7096128,1
2024-11-03 18:00:00,4.59,4.0,6.0,770527497.7096128,1
2024-11-04 00:00:00,4.59,4.0,6.0,770527497.7096128,1
2024-11-04 06:00:00,4.59,4.0,6.0,770527497.7096128,1
2024-11-04 12:00:00,4.59,4.0,6.0,770527497.7096128,1
2024-11-04 18:00:00,4.59,4.0,6.0,740558601.5,0
2024-11-05 00:00:00,4.59,4.0,6.0,845325554.0,0
2024-11-05 06:00:00,4.59,4.0,6.0,674870127.0,0
2024-11-05 12:00:00,4.59,4.0,6.0,770527497.7096128,1
2024-11-05 18:00:00,4.59,4.0,6.0,770073944.0,0
2024-11-06 00:00:00,4.59,4.0,6.0,770527497.7096128,1
2024-11-06 06:00:00,4.59,4.0,6.0,850739046.0,0
2024-11-06 12:00:00,4.59,4.0,6.0,726402295.0,0
2024-11-06 18:00:00,4.59,4.0,6.0,770527497.7096128,1
2024-11-07 00:00:00,4.59,4.0,6.0,804469880.0,0
2024-11-07 06:00:00,4.59,4.0,6.0,857030175.0,0
2024-11-07 12:00:00,4.59,4.0,6.0,629200231.0,0
2024-11-07 18:00:00,4.59,4.0,6.0,815474537.0,0
2024-11-08 00:00:00,4.59,4.0,6.0,828203012.67,0
2024-11-08 06:00:00,4.59,4.0,6.0,770527497.7096128,1
2024-11-08 12:00:00,4.59,4.0,6.0,824071051.0,0
2024-11-08 18:00:00,4.59,4.0,6.0,804575355.5,0
2024-11-09 00:00:00,4.59,4.0,6.0,863391620.5,0
2024-11-09 06:00:00,4.59,4.0,6.0,860888170.0,0
2024-11-09 12:00:00,4.59,4.0,6.0,821063702.0,0
2024-11-09 18:00:00,4.59,4.0,6.0,809501562.0,0
2024-11-10 00:00:00,4.59,4.0,6.0,835139852.0,0
2024-11-10 06:00:00,4.59,4.0,6.0,835193205.5,0
2024-11-10 12:00:00,4.59,4.0,6.0,851654449.0,0
2024-11-10 18:00:00,4.59,4.0,6.0,858363755.0,0
2024-11-11 00:00:00,4.59,4.0,6.0,856537415.0,0
2024-11-11 06:00:00,4.59,4.0,6.0,770527497.7096128,1
2024-11-11 12:00:00,4.59,4.0,6.0,793190062.5,0
2024-11-11 18:00:00,4.59,4.0,6.0,819964482.0,0
2024-11-12 00:00:00,4.59,4.0,6.0,830314075.0,0
2024-11-12 06:00:00,4.59,4.0,6.0,787955390.0,0
2024-11-12 12:00:00,4.59,4.0,6.0,744883493.5,0
2024-11-12 18:00:00,4.59,4.0,6.0,770527497.7096128,1
2024-11-13 00:00:00,4.59,4.0,6.0,839431418.0,0
2024-11-13 06:00:00,4.59,4.0,6.0,770527497.7096128,1
2024-11-13 12:00:00,4.59,4.0,6.0,713844563.5,0
2024-11-13 18:00:00,4.59,4.0,6.0,803789978.5,0
2024-11-14 00:00:00,4.59,29.0,6.0,862297482.5,0
2024-11-14 06:00:00,4.59,4.0,6.0,770527497.7096128,1
2024-11-14 12:00:00,4.59,4.0,6.0,770527497.7096128,1
2024-11-14 18:00:00,4.59,4.0,6.0,795509318.0,0
2024-11-15 00:00:00,4.59,4.0,6.0,880020620.0,0
2024-11-15 06:00:00,4.59,4.0,6.0,819911257.0,0
2024-11-15 12:00:00,4.59,4.0,6.0,859923136.0,0
2024-11-15 18:00:00,4.59,4.0,6.0,851024281.0,0
2024-11-16 00:00:00,4.59,4.0,6.0,819151421.0,0
2024-11-16 06:00:00,4.59,4.0,6.0,861722877.5,0
2024-11-16 12:00:00,4.59,4.0,6.0,850762945.0,0
2024-11-16 18:00:00,4.59,4.0,6.0,880807935.0,0
2024-11-17 00:00:00,4.59,4.0,6.0,885304527.0,0
2024-11-17 06:00:00,4.59,4.0,6.0,782160504.0,0
2024-11-17 12:00:00,4.59,4.0,6.0,863236739.0,0
2024-11-17 18:00:00,4.59,4.0,6.0,830499201.5,0
2024-11-18 00:00:00,4.59,4.0,6.0,853278634.0,0
2024-11-18 06:00:00,4.59,4.0,6.0,770527497.7096128,1
2024-11-18 12:00:00,4.59,4.0,6.0,812811814.0,0
2024-11-18 18:00:00,4.59,4.0,6.0,726086269.0,0
2024-11-19 00:00:00,4.59,4.0,6.0,851139720.5,0
2024-11-19 06:00:00,4.59,4.0,6.0,731698308.0,0
2024-11-19 12:00:00,4.59,4.0,6.0,770527497.7096128,1
2024-11-19 18:00:00,4.59,4.0,6.0,831562616.0,0
2024-11-20 00:00:00,4.59,4.0,6.0,770527497.7096128,1
2024-11-20 06:00:00,4.59,4.0,6.0,770527497.7096128,1
2024-11-20 12:00:00,4.59,4.0,6.0,770527497.7096128,1
2024-11-20 18:00:00,4.59,4.0,6.0,849269456.5,0
2024-11-21 00:00:00,4.59,4.0,6.0,872153872.0,0
2024-11-21 06:00:00,4.59,4.0,6.0,820302809.0,0
2024-11-21 12:00:00,4.59,4.0,6.0,832965062.5,0
2024-11-21 18:00:00,4.59,4.0,6.0,839100186.0,0
2024-11-22 00:00:00,4.59,4.0,6.0,845835606.0,0
2024-11-22 06:00:00,4.59,4.0,6.0,848351049.0,0
2024-11-22 12:00:00,4.59,4.0,6.0,770527497.7096128,1
2024-11-22 18:00:00,4.59,4.0,6.0,855642893.0,0
2024-11-23 00:00:00,4.59,4.0,6.0,770527497.7096128,1
2024-11-23 06:00:00,4.59,4.0,6.0,877760862.0,0
2024-11-23 12:00:00,4.59,4.0,6.0,867646163.0,0
2024-11-23 18:00:00,4.59,4.0,6.0,879284415.0,0
2024-11-24 00:00:00,4.59,4.0,6.0,794193209.0,0
2024-11-24 06:00:00,4.59,4.0,6.0,818518220.0,0
2024-11-24 12:00:00,4.59,4.0,6.0,870283843.0,0
2024-11-24 18:00:00,4.59,4.0,6.0,837448195.0,0
2024-11-25 00:00:00,4.59,4.0,6.0,795085123.0,0
2024-11-25 06:00:00,4.59,4.0,6.0,770527497.7096128,1
2024-11-25 12:00:00,4.59,4.0,6.0,787590316.0,0
2024-11-25 18:00:00,4.59,4.0,6.0,863137621.0,0
2024-11-26 00:00:00,4.59,4.0,6.0,788119330.0,0
2024-11-26 06:00:00,4.59,4.0,6.0,754469366.0,0
2024-11-26 12:00:00,4.59,4.0,6.0,714344435.0,0
2024-11-26 18:00:00,4.59,4.0,6.0,790624471.0,0
2024-11-27 00:00:00,4.59,4.0,6.0,812480995.0,0
2024-11-27 06:00:00,4.59,4.0,6.0,691326131.0,0
2024-11-27 12:00:00,4.59,4.0,6.0,861617742.0,0
2024-11-27 18:00:00,4.59,4.0,6.0,846855527.0,0
2024-11-28 00:00:00,4.59,4.0,6.0,770527497.7096128,1
2024-11-28 06:00:00,4.59,4.0,6.0,837760046.0,0
2024-11-28 12:00:00,4.59,4.0,6.0,741817835.0,0
2024-11-28 18:00:00,4.59,4.0,6.0,834406521.0,0
2024-11-29 00:00:00,4.59,4.0,6.0,851831330.0,0
2024-11-29 06:00:00,4.59,4.0,6.0,729916965.0,0
2024-11-29 12:00:00,4.59,4.0,6.0,770527497.7096128,1
2024-11-29 18:00:00,4.59,4.0,6.0,810758557.0,0
2024-11-30 00:00:00,4.59,4.0,6.0,770527497.7096128,1
2024-11-30 06:00:00,4.59,4.0,6.0,770527497.7096128,1
2024-11-30 12:00:00,4.59,4.0,6.0,859702886.5,0
2024-11-30 18:00:00,4.59,4.0,6.0,860884899.0,0
2024-12-01 00:00:00,4.59,4.0,6.0,770527497.7096128,1
2024-12-01 06:00:00,4.59,4.0,6.0,853122286.0,0
2024-12-01 12:00:00,4.59,4.0,6.0,857108336.0,0
2024-12-01 18:00:00,4.59,4.0,6.0,840274292.0,0
2024-12-02 00:00:00,4.59,4.0,6.0,770527497.7096128,1
2024-12-02 06:00:00,4.59,4.0,6.0,840172864.0,0
2024-12-02 12:00:00,4.59,4.0,6.0,764310103.0,0
2024-12-02 18:00:00,4.59,4.0,6.0,841798622.0,0
2024-12-03 00:00:00,4.59,4.0,6.0,865654037.0,0
2024-12-03 06:00:00,4.59,4.0,6.0,652689296.0,0
2024-12-03 12:00:00,4.59,4.0,6.0,770527497.7096128,1
2024-12-03 18:00:00,4.59,4.0,6.0,855620371.0,0
2024-12-04 00:00:00,4.59,4.0,6.0,844790787.0,0
2024-12-04 06:00:00,4.59,4.0,6.0,862294665.0,0
2024-12-04 12:00:00,4.59,4.0,6.0,842822943.0,0
2024-12-04 18:00:00,4.59,4.0,6.0,823948982.0,0
2024-12-05 00:00:00,4.59,4.0,6.0,849088746.0,0
2024-12-05 06:00:00,4.59,4.0,6.0,837105502.0,0
2024-12-05 12:00:00,4.59,4.0,6.0,864972352.0,0
2024-12-05 18:00:00,4.59,4.0,6.0,770527497.7096128,1
2024-12-06 00:00:00,4.59,4.0,6.0,846096302.0,0
2024-12-06 06:00:00,4.59,4.0,6.0,863112408.0,0
2024-12-06 12:00:00,4.59,4.0,6.0,867391116.0,0
2024-12-06 18:00:00,4.59,4.0,6.0,788737447.0,0
2024-12-07 00:00:00,4.59,4.0,6.0,817784585.0,0
2024-12-07 06:00:00,4.59,4.0,6.0,862455203.5,0
2024-12-07 12:00:00,4.59,4.0,6.0,844838570.0,0
2024-12-07 18:00:00,4.59,4.0,6.0,870552889.5,0
2024-12-08 00:00:00,4.59,4.0,6.0,868795167.5,0
2024-12-08 06:00:00,4.59,4.0,6.0,867313570.0,0
2024-12-08 12:00:00,4.59,4.0,6.0,811700895.0,0
2024-12-08 18:00:00,4.59,4.0,6.0,859128653.0,0
2024-12-09 00:00:00,4.59,4.0,6.0,864551603.0,0
2024-12-09 06:00:00,4.59,4.0,6.0,849406336.0,0
2024-12-09 12:00:00,4.59,4.0,6.0,838602429.0,0
2024-12-09 18:00:00,4.59,4.0,6.0,770527497.7096128,1
2024-12-10 00:00:00,4.59,4.0,6.0,770527497.7096128,1
2024-12-10 06:00:00,4.59,4.0,6.0,831717041.33,0
2024-12-10 12:00:00,4.59,4.0,6.0,817706835.0,0
2024-12-10 18:00:00,4.59,4.0,6.0,742656031.0,0
2024-12-11 00:00:00,4.59,4.0,6.0,770527497.7096128,1
2024-12-11 06:00:00,4.59,4.0,6.0,867011380.0,0
2024-12-11 12:00:00,4.59,4.0,6.0,872568548.0,0
2024-12-11 18:00:00,4.59,4.0,6.0,817209053.0,0
2024-12-12 00:00:00,4.59,4.0,6.0,871367353.0,0
2024-12-12 06:00:00,4.59,4.0,6.0,850549275.0,0
2024-12-12 12:00:00,4.59,4.0,6.0,869507477.0,0
2024-12-12 18:00:00,4.59,4.0,6.0,840854523.0,0
2024-12-13 00:00:00,4.59,4.0,6.0,770527497.7096128,1
2024-12-13 06:00:00,4.59,4.0,6.0,859285577.0,0
2024-12-13 12:00:00,4.59,4.0,6.0,844356999.0,0
2024-12-13 18:00:00,4.59,4.0,6.0,859337045.0,0
2024-12-14 00:00:00,4.59,4.0,6.0,824131603.0,0
2024-12-14 06:00:00,4.59,4.0,6.0,849740030.5,0
2024-12-14 12:00:00,4.59,4.0,6.0,805653892.0,0
2024-12-14 18:00:00,4.59,4.0,6.0,869977761.0,0
2024-12-15 00:00:00,4.59,4.0,6.0,770527497.7096128,1
2024-12-15 06:00:00,4.59,4.0,6.0,854380643.0,0
2024-12-15 12:00:00,4.59,4.0,6.0,850079585.0,0
2024-12-15 18:00:00,4.59,4.0,6.0,876213832.0,0
2024-12-16 00:00:00,4.59,4.0,6.0,770527497.7096128,1
2024-12-16 06:00:00,4.59,4.0,6.0,726560367.0,0
2024-12-16 12:00:00,4.59,4.0,6.0,844739118.0,0
2024-12-16 18:00:00,4.59,4.0,6.0,833226053.0,0
2024-12-17 00:00:00,4.59,4.0,6.0,850804233.0,0
2024-12-17 06:00:00,4.59,4.0,6.0,852911462.0,0
2024-12-17 12:00:00,4.59,4.0,6.0,835662768.0,0
2024-12-17 18:00:00,4.59,4.0,6.0,819198976.0,0
2024-12-18 00:00:00,4.59,4.0,6.0,867435927.0,0
2024-12-18 06:00:00,4.59,4.0,6.0,794060723.5,0
2024-12-18 12:00:00,4.59,4.0,6.0,863086228.0,0
2024-12-18 18:00:00,4.59,4.0,6.0,827536261.0,0
2024-12-19 00:00:00,4.59,4.0,6.0,842637021.0,0
2024-12-19 06:00:00,4.59,4.0,6.0,896601563.0,0
2024-12-19 12:00:00,4.59,4.0,6.0,765464039.0,0
2024-12-19 18:00:00,4.59,4.0,6.0,848089545.0,0
2024-12-20 00:00:00,4.59,4.0,6.0,831104163.0,0
2024-12-20 06:00:00,4.59,4.0,6.0,737675797.0,0
2024-12-20 12:00:00,4.59,4.0,6.0,863544326.0,0
2024-12-20 18:00:00,4.59,4.0,6.0,770527497.7096128,1
2024-12-21 00:00:00,4.59,4.0,6.0,820581115.33,0
2024-12-21 06:00:00,4.59,4.0,6.0,817681363.0,0
2024-12-21 12:00:00,4.59,4.0,6.0,839072012.0,0
2024-12-21 18:00:00,4.59,4.0,6.0,843372164.0,0
2024-12-22 00:00:00,4.59,4.0,6.0,838705778.0,0
2024-12-22 06:00:00,4.59,4.0,6.0,844105283.0,0
2024-12-22 12:00:00,4.59,4.0,6.0,802484481.0,0
2024-12-22 18:00:00,4.59,4.0,6.0,800906193.0,0
2024-12-23 00:00:00,4.59,4.0,6.0,829765866.0,0
2024-12-23 06:00:00,4.59,4.0,6.0,815792862.0,0
2024-12-23 12:00:00,4.59,4.0,6.0,815740433.0,0
2024-12-23 18:00:00,4.59,4.0,6.0,807877641.0,0
2024-12-24 00:00:00,4.59,4.0,6.0,831756087.0,0
2024-12-24 06:00:00,4.59,4.0,6.0,853701778.0,0
2024-12-24 12:00:00,4.59,4.0,6.0,839265653.0,0
2024-12-24 18:00:00,4.59,4.0,6.0,770527497.7096128,1
2024-12-25 00:00:00,4.59,4.0,6.0,839753433.0,0
2024-12-25 06:00:00,4.59,4.0,6.0,832430760.67,0
2024-12-25 12:00:00,4.59,4.0,6.0,808664816.5,0
2024-12-25 18:00:00,4.59,4.0,6.0,861615545.0,0
2024-12-26 00:00:00,4.59,4.0,6.0,848693427.0,0
2024-12-26 06:00:00,4.59,4.0,6.0,770527497.7096128,1
2024-12-26 12:00:00,4.59,4.0,6.0,825126328.5,0
2024-12-26 18:00:00,4.59,4.0,6.0,820224342.0,0
2024-12-27 00:00:00,4.59,4.0,6.0,770527497.7096128,1
2024-12-27 06:00:00,4.59,4.0,6.0,849295235.0,0
2024-12-27 12:00:00,4.59,4.0,6.0,830893325.0,0
2024-12-27 18:00:00,4.59,4.0,6.0,784335632.0,0
2024-12-28 00:00:00,4.59,4.0,6.0,793031024.5,0
2024-12-28 06:00:00,4.59,4.0,6.0,831465345.0,0
2024-12-28 12:00:00,4.59,4.0,6.0,854014512.5,0
2024-12-28 18:00:00,4.59,4.0,6.0,849035680.0,0
2024-12-29 00:00:00,4.59,4.0,6.0,812489966.0,0
2024-12-29 06:00:00,4.59,4.0,6.0,830526447.0,0
2024-12-29 12:00:00,4.59,4.0,6.0,827432820.0,0
2024-12-29 18:00:00,4.59,4.0,6.0,860426101.5,0
2024-12-30 00:00:00,4.59,4.0,6.0,770527497.7096128,1
2024-12-30 06:00:00,4.59,4.0,6.0,846868722.0,0
2024-12-30 12:00:00,4.59,4.0,6.0,770527497.7096128,1
2024-12-30 18:00:00,4.59,4.0,6.0,770527497.7096128,1
2024-12-31 00:00:00,4.59,4.0,6.0,877345469.0,0
2024-12-31 06:00:00,4.59,4.0,6.0,791927134.0,0
2024-12-31 12:00:00,4.59,4.0,6.0,823677461.0,0
2024-12-31 18:00:00,4.59,4.0,6.0,818597891.5,0
2025-01-01 00:00:00,4.59,4.0,6.0,770527497.7096128,1
2025-01-01 06:00:00,4.59,4.0,6.0,770527497.7096128,1
2025-01-01 12:00:00,4.59,4.0,6.0,832700324.0,0
2025-01-01 18:00:00,4.59,4.0,6.0,770527497.7096128,1
2025-01-02 00:00:00,4.59,4.0,6.0,770527497.7096128,1
2025-01-02 06:00:00,4.59,4.0,6.0,840954680.0,0
2025-01-02 12:00:00,4.59,4.0,6.0,850181950.0,0
2025-01-02 18:00:00,4.59,4.0,6.0,846042002.5,0
2025-01-03 00:00:00,4.59,4.0,6.0,770527497.7096128,1
2025-01-03 06:00:00,4.59,4.0,6.0,823919827.0,0
2025-01-03 12:00:00,4.59,4.0,6.0,770527497.7096128,1
2025-01-03 18:00:00,4.59,4.0,6.0,806426204.0,0
2025-01-04 00:00:00,4.59,4.0,6.0,801847831.0,0
2025-01-04 06:00:00,4.59,4.0,6.0,857531936.0,0
2025-01-04 12:00:00,4.59,4.0,6.0,770527497.7096128,1
2025-01-04 18:00:00,4.59,5.0,6.0,831965558.0,0
2025-01-05 00:00:00,4.59,4.0,6.0,829891678.0,0
2025-01-05 06:00:00,4.59,5.0,6.0,864394922.0,0
2025-01-05 12:00:00,4.59,5.0,6.0,838340955.0,0
2025-01-05 18:00:00,4.59,5.0,6.0,841694185.0,0
2025-01-06 00:00:00,4.59,4.0,6.0,770527497.7096128,1
2025-01-06 06:00:00,4.59,5.0,6.0,705537430.0,0
2025-01-06 12:00:00,4.59,5.0,6.0,682519722.0,0
2025-01-06 18:00:00,4.59,5.0,6.0,833464634.0,0
2025-01-07 00:00:00,4.59,4.0,6.0,770527497.7096128,1
2025-01-07 06:00:00,4.59,5.0,6.0,800382102.0,0
2025-01-07 12:00:00,4.59,5.0,6.0,848426065.0,0
2025-01-07 18:00:00,4.59,4.0,6.0,770527497.7096128,1
2025-01-08 00:00:00,4.59,5.0,6.0,853439334.0,0
2025-01-08 06:00:00,4.59,5.0,6.0,805989836.0,0
2025-01-08 12:00:00,4.59,5.0,6.0,798019283.0,0
2025-01-08 18:00:00,4.59,4.0,6.0,770527497.7096128,1
2025-01-09 00:00:00,4.59,5.0,6.0,847058793.0,0
2025-01-09 06:00:00,4.59,4.0,6.0,770527497.7096128,1
2025-01-09 12:00:00,4.59,5.0,6.0,834091030.0,0
2025-01-09 18:00:00,4.59,5.0,6.0,807565086.0,0
2025-01-10 00:00:00,4.59,5.0,6.0,879495010.0,0
2025-01-10 06:00:00,4.59,5.0,6.0,786279981.0,0
2025-01-10 12:00:00,4.59,5.0,6.0,817785444.0,0
2025-01-10 18:00:00,4.59,5.0,6.0,857342284.0,0
2025-01-11 00:00:00,4.59,4.0,6.0,770527497.7096128,1
2025-01-11 06:00:00,4.59,5.0,6.0,803575494.0,0
2025-01-11 12:00:00,4.59,5.0,6.0,869062787.0,0
2025-01-11 18:00:00,4.59,4.0,6.0,770527497.7096128,1
2025-01-12 00:00:00,4.59,4.0,6.0,770527497.7096128,1
2025-01-12 06:00:00,4.59,5.0,6.0,822171463.0,0
2025-01-12 12:00:00,4.59,5.0,6.0,865081471.0,0
2025-01-12 18:00:00,4.59,4.0,6.0,770527497.7096128,1
2025-01-13 00:00:00,4.59,5.0,6.0,781869912.0,0
2025-01-13 06:00:00,4.59,4.0,6.0,770527497.7096128,1
2025-01-13 12:00:00,4.59,4.0,6.0,770527497.7096128,1
2025-01-13 18:00:00,4.59,4.0,6.0,770527497.7096128,1
2025-01-14 00:00:00,4.59,5.0,6.0,849609850.0,0
2025-01-14 06:00:00,4.59,4.0,6.0,770527497.7096128,1
2025-01-14 12:00:00,4.59,5.0,6.0,825966247.0,0
2025-01-14 18:00:00,4.59,4.0,6.0,770527497.7096128,1
2025-01-15 00:00:00,4.59,5.0,6.0,778936044.0,0
2025-01-15 06:00:00,4.59,5.0,6.0,817365809.0,0
2025-01-15 12:00:00,4.59,5.0,6.0,819280018.5,0
2025-01-15 18:00:00,4.59,5.0,6.0,824390618.5,0
2025-01-16 00:00:00,4.59,4.0,6.0,794508657.0,0
2025-01-16 06:00:00,4.59,5.0,6.0,875720260.0,0
2025-01-16 12:00:00,4.59,5.0,6.0,839964786.0,0
2025-01-16 18:00:00,4.59,5.0,6.0,712924968.0,0
2025-01-17 00:00:00,4.59,5.0,6.0,706216571.0,0
2025-01-17 06:00:00,4.59,5.0,6.0,768336641.0,0
2025-01-17 12:00:00,4.59,5.0,6.0,760901562.0,0
2025-01-17 18:00:00,4.59,5.0,6.0,791047202.0,0
2025-01-18 00:00:00,4.59,5.0,6.0,723780307.0,0
2025-01-18 06:00:00,4.59,5.0,6.0,771902674.0,0
2025-01-18 12:00:00,4.59,5.0,6.0,774008309.0,0
2025-01-18 18:00:00,4.59,5.0,6.0,714868604.5,0
2025-01-19 00:00:00,4.59,4.0,6.0,770527497.7096128,1
2025-01-19 06:00:00,4.59,5.0,6.0,744910438.0,0
2025-01-19 12:00:00,4.59,7.0,6.0,717093685.33,0
2025-01-19 18:00:00,4.59,7.0,6.0,678745654.0,0
2025-01-20 00:00:00,4.59,4.0,6.0,770527497.7096128,1
2025-01-20 06:00:00,4.59,4.0,6.0,770527497.7096128,1
2025-01-20 12:00:00,4.59,7.0,6.0,645505031.0,0
2025-01-20 18:00:00,4.59,7.0,6.0,757020313.0,0
2025-01-21 00:00:00,4.59,7.0,6.0,703277708.0,0
2025-01-21 06:00:00,4.59,7.0,6.0,736522618.0,0
2025-01-21 12:00:00,4.59,7.0,6.0,659800679.67,0
2025-01-21 18:00:00,4.59,6.0,6.0,734738746.0,0
2025-01-22 00:00:00,4.59,6.0,6.0,692507370.5,0
2025-01-22 06:00:00,4.59,6.0,6.0,687158446.5,0
2025-01-22 12:00:00,4.59,6.0,6.0,695552909.5,0
2025-01-22 18:00:00,5.97,6.0,6.0,707369157.0,0
2025-01-23 00:00:00,4.59,4.0,6.0,770527497.7096128,1
2025-01-23 06:00:00,4.52,6.0,6.0,648441463.5,0
2025-01-23 12:00:00,6.54,6.0,6.0,658874574.0,0
2025-01-23 18:00:00,6.04,6.0,6.0,733071168.0,0
2025-01-24 00:00:00,4.59,4.0,6.0,770527497.7096128,1
2025-01-24 06:00:00,3.49,6.0,6.0,742656365.0,0
2025-01-24 12:00:00,4.17,6.0,6.0,725895140.0,0
2025-01-24 18:00:00,2.01,5.0,6.0,759065836.0,0
2025-01-25 00:00:00,4.59,4.0,6.0,770527497.7096128,1
2025-01-25 06:00:00,4.59,5.0,6.0,733154259.0,0
2025-01-25 12:00:00,3.88,5.0,6.0,740504445.0,0
2025-01-25 18:00:00,4.67,5.0,6.0,706559485.5,0
2025-01-26 00:00:00,4.36,5.0,6.0,668991688.0,0
2025-01-26 06:00:00,4.59,4.0,6.0,770527497.7096128,1
2025-01-26 12:00:00,4.59,4.0,6.0,770527497.7096128,1
2025-01-26 18:00:00,4.59,4.0,6.0,770527497.7096128,1
2025-01-27 00:00:00,4.59,4.0,6.0,770527497.7096128,1
2025-01-27 06:00:00,4.59,4.0,6.0,770527497.7096128,1
2025-01-27 12:00:00,4.59,4.0,6.0,734003163.0,0
2025-01-27 18:00:00,4.59,4.0,6.0,770527497.7096128,1
2025-01-28 00:00:00,5.01,5.0,6.0,742447540.0,0
2025-01-28 06:00:00,5.76,5.0,6.0,606814602.0,0
2025-01-28 12:00:00,6.54,5.0,6.0,697618938.0,0
2025-01-28 18:00:00,4.73,5.0,6.0,756703848.0,0
2025-01-29 00:00:00,4.59,4.0,6.0,770527497.7096128,1
2025-01-29 06:00:00,4.75,5.0,6.0,747845936.0,0
2025-01-29 12:00:00,5.15,5.0,6.0,647627925.0,0
2025-01-29 18:00:00,4.59,29.0,10.0,716073875.0,0
2025-01-30 00:00:00,4.98,5.0,6.0,720636987.0,0
2025-01-30 06:00:00,3.13,5.0,6.0,727059338.0,0
2025-01-30 12:00:00,2.13,5.0,6.0,735319618.0,0
2025-01-30 18:00:00,7.47,5.0,6.0,733372477.0,0
2025-01-31 00:00:00,5.44,5.0,6.0,789292911.0,0
2025-01-31 06:00:00,4.59,4.0,6.0,770527497.7096128,1
2025-01-31 12:00:00,4.72,5.0,6.0,709609658.0,0
2025-01-31 18:00:00,5.05,5.0,6.0,784546093.0,0
2025-02-01 00:00:00,4.59,4.0,6.0,770527497.7096128,1
2025-02-01 06:00:00,4.57,5.0,6.0,746872365.5,0
2025-02-01 12:00:00,5.37,5.0,6.0,757089549.0,0
2025-02-01 18:00:00,3.83,5.0,6.0,766857134.0,0
2025-02-02 00:00:00,3.47,5.0,6.0,706009115.0,0
2025-02-02 06:00:00,4.45,5.0,6.0,781433563.0,0
2025-02-02 12:00:00,4.49,5.0,6.0,768871542.0,0
2025-02-02 18:00:00,3.99,5.0,6.0,701130587.0,0
2025-02-03 00:00:00,4.59,4.0,6.0,770527497.7096128,1
2025-02-03 06:00:00,5.37,5.0,6.0,761634891.0,0
2025-02-03 12:00:00,9.76,5.0,6.0,600860918.0,0
2025-02-03 18:00:00,3.45,5.0,6.0,657224108.5,0
2025-02-04 00:00:00,4.59,4.0,6.0,770527497.7096128,1
2025-02-04 06:00:00,5.53,5.0,6.0,703850003.0,0
2025-02-04 12:00:00,9.89,5.0,6.0,785331230.0,0
2025-02-04 18:00:00,5.43,5.0,6.0,731382235.0,0
2025-02-05 00:00:00,3.91,5.0,6.0,740557836.0,0
2025-02-05 06:00:00,3.55,4.0,6.0,695836947.0,0
2025-02-05 12:00:00,4.59,5.0,6.0,693473969.5,0
2025-02-05 18:00:00,6.35,5.0,6.0,711932055.0,0
2025-02-06 00:00:00,2.86,5.0,6.0,733744027.0,0
2025-02-06 06:00:00,4.85,5.0,6.0,718033825.0,0
2025-02-06 12:00:00,4.59,4.0,6.0,770527497.7096128,1
2025-02-06 18:00:00,5.09,5.0,6.0,613523658.0,0
2025-02-07 00:00:00,4.59,4.0,6.0,770527497.7096128,1
2025-02-07 06:00:00,4.59,4.0,6.0,770527497.7096128,1
2025-02-07 12:00:00,4.59,4.0,6.0,770527497.7096128,1
2025-02-07 18:00:00,2.89,5.0,6.0,756225146.0,0
2025-02-08 00:00:00,4.61,5.0,6.0,730703071.0,0
2025-02-08 06:00:00,4.94,5.0,6.0,725267499.5,0
2025-02-08 12:00:00,2.46,5.0,6.0,766980455.0,0
2025-02-08 18:00:00,11.23,5.0,6.0,733165438.0,0
2025-02-09 00:00:00,3.31,5.0,6.0,732327345.0,0
2025-02-09 06:00:00,3.9,5.0,6.0,718331783.5,0
2025-02-09 12:00:00,2.47,5.0,6.0,786251513.0,0
2025-02-09 18:00:00,2.16,5.0,6.0,690385993.0,0
2025-02-10 00:00:00,4.52,5.0,6.0,766980109.0,0
2025-02-10 06:00:00,4.67,4.0,6.0,738338634.67,0
2025-02-10 12:00:00,4.68,5.0,6.0,802266259.0,0
2025-02-10 18:00:00,7.14,5.0,6.0,667107586.0,0
2025-02-11 00:00:00,4.56,5.0,6.0,721124664.67,0
2025-02-11 06:00:00,4.65,5.0,6.0,604510622.0,0
2025-02-11 12:00:00,5.7,5.0,6.0,637345377.0,0
2025-02-11 18:00:00,4.09,5.0,6.0,730806622.5,0
2025-02-12 00:00:00,4.59,4.0,6.0,770527497.7096128,1
2025-02-12 06:00:00,4.64,5.0,6.0,703074029.0,0
2025-02-12 12:00:00,4.59,5.0,6.0,673764327.0,0
2025-02-12 18:00:00,4.59,4.0,6.0,770527497.7096128,1
2025-02-13 00:00:00,4.5,5.0,6.0,720321372.0,0
2025-02-13 06:00:00,4.79,5.0,6.0,717374152.0,0
2025-02-13 12:00:00,4.59,4.0,6.0,770527497.7096128,1
2025-02-13 18:00:00,3.93,5.0,6.0,719692908.0,0
2025-02-14 00:00:00,4.59,4.0,6.0,770527497.7096128,1
2025-02-14 06:00:00,4.59,4.0,6.0,770527497.7096128,1
2025-02-14 12:00:00,4.2,5.0,6.0,700702141.33,0
2025-02-14 18:00:00,4.59,4.0,6.0,770527497.7096128,1
2025-02-15 00:00:00,4.57,5.0,6.0,733273596.0,0
2025-02-15 06:00:00,5.5,5.0,6.0,726348449.0,0
2025-02-15 12:00:00,3.36,5.0,6.0,744384362.0,0
2025-02-15 18:00:00,4.92,5.0,6.0,768477159.0,0
2025-02-16 00:00:00,4.88,5.0,6.0,744490280.5,0
2025-02-16 06:00:00,5.0,5.0,6.0,663225911.0,0
2025-02-16 12:00:00,4.59,4.0,6.0,770527497.7096128,1
2025-02-16 18:00:00,5.3,5.0,6.0,725983263.0,0
2025-02-17 00:00:00,4.59,4.0,6.0,770527497.7096128,1
2025-02-17 06:00:00,4.34,5.0,6.0,736941560.5,0
2025-02-17 12:00:00,4.59,4.0,6.0,770527497.7096128,1
2025-02-17 18:00:00,4.27,5.0,6.0,753270710.0,0
2025-02-18 00:00:00,4.69,5.0,6.0,743181881.0,0
2025-02-18 06:00:00,4.59,4.0,6.0,770527497.7096128,1
2025-02-18 12:00:00,3.52,5.0,6.0,663751827.0,0
2025-02-18 18:00:00,3.89,5.0,6.0,676438981.0,0
2025-02-19 00:00:00,4.92,5.0,6.0,700266186.0,0
2025-02-19 06:00:00,4.66,5.0,6.0,722587135.0,0
2025-02-19 12:00:00,4.59,4.0,6.0,770527497.7096128,1
2025-02-19 18:00:00,4.59,4.0,6.0,770527497.7096128,1
2025-02-20 00:00:00,4.59,4.0,6.0,770527497.7096128,1
2025-02-20 06:00:00,4.59,4.0,6.0,770527497.7096128,1
2025-02-20 12:00:00,4.59,4.0,6.0,770527497.7096128,1
2025-02-20 18:00:00,4.59,4.0,6.0,770527497.7096128,1
2025-02-21 00:00:00,4.59,4.0,6.0,770527497.7096128,1
2025-02-21 06:00:00,4.59,4.0,6.0,770527497.7096128,1
2025-02-21 12:00:00,4.59,4.0,6.0,770527497.7096128,1
2025-02-21 18:00:00,4.59,4.0,6.0,770527497.7096128,1
2025-02-22 00:00:00,4.59,4.0,6.0,770527497.7096128,1
2025-02-22 06:00:00,4.59,4.0,6.0,770527497.7096128,1
2025-02-22 12:00:00,4.59,5.0,6.0,669589933.0,0
2025-02-22 18:00:00,4.59,4.0,6.0,770527497.7096128,1
2025-02-23 00:00:00,5.43,5.0,6.0,769744208.0,0
2025-02-23 06:00:00,4.59,4.0,6.0,770527497.7096128,1
2025-02-23 12:00:00,4.2,5.0,6.0,698911645.33,0
2025-02-23 18:00:00,4.59,4.0,6.0,770527497.7096128,1
2025-02-24 00:00:00,4.59,4.0,6.0,770527497.7096128,1
2025-02-24 06:00:00,4.59,4.0,6.0,729600968.0,0
2025-02-24 12:00:00,4.59,5.0,6.0,703914277.0,0
2025-02-24 18:00:00,3.23,5.0,6.0,734318948.0,0
2025-02-25 00:00:00,4.6,5.0,6.0,756417123.0,0
2025-02-25 06:00:00,4.03,4.0,6.0,755608021.0,0
2025-02-25 12:00:00,4.39,5.0,6.0,686557807.0,0
2025-02-25 18:00:00,4.59,5.0,6.0,728380280.0,0
2025-02-26 00:00:00,4.59,5.0,6.0,737840958.0,0
2025-02-26 06:00:00,4.59,5.0,6.0,718888037.67,0
2025-02-26 12:00:00,4.59,5.0,6.0,735108137.0,0
2025-02-26 18:00:00,5.0,5.0,6.0,732326210.0,0
2025-02-27 00:00:00,5.37,5.0,6.0,729367962.0,0
2025-02-27 06:00:00,4.07,5.0,6.0,741137185.0,0
2025-02-27 12:00:00,5.03,5.0,6.0,817994260.0,0
2025-02-27 18:00:00,5.78,5.0,6.0,762261886.5,0
2025-02-28 00:00:00,4.59,4.0,6.0,770527497.7096128,1
2025-02-28 06:00:00,4.49,5.0,6.0,793509888.0,0
2025-02-28 12:00:00,4.62,5.0,6.0,764832443.0,0
2025-02-28 18:00:00,4.59,4.0,6.0,770527497.7096128,1
2025-03-01 00:00:00,4.53,5.0,6.0,737572746.0,0
2025-03-01 06:00:00,4.47,5.0,6.0,761283694.0,0
2025-03-01 12:00:00,4.7,5.0,6.0,796132442.0,0
2025-03-01 18:00:00,5.16,5.0,6.0,751307371.0,0
2025-03-02 00:00:00,4.98,5.0,6.0,812882418.0,0
2025-03-02 06:00:00,4.09,4.0,6.0,754294616.0,0
2025-03-02 12:00:00,4.57,5.0,6.0,750152733.0,0
2025-03-02 18:00:00,4.59,4.0,6.0,770527497.7096128,1
2025-03-03 00:00:00,4.59,5.0,6.0,768478017.5,0
2025-03-03 06:00:00,4.59,5.0,6.0,743388959.5,0
2025-03-03 12:00:00,4.59,4.0,6.0,770527497.7096128,1
2025-03-03 18:00:00,4.15,5.0,6.0,743785129.5,0
2025-03-04 00:00:00,4.59,4.0,6.0,770527497.7096128,1
2025-03-04 06:00:00,4.59,4.0,6.0,770527497.7096128,1
2025-03-04 12:00:00,3.87,5.0,6.0,771726807.5,0
2025-03-04 18:00:00,4.59,5.0,6.0,781975566.0,0
2025-03-05 00:00:00,4.59,4.0,6.0,770527497.7096128,1
2025-03-05 06:00:00,4.59,5.0,6.0,698557035.0,0
2025-03-05 12:00:00,4.59,5.0,6.0,742895959.0,0
2025-03-05 18:00:00,4.59,4.0,6.0,770527497.7096128,1
2025-03-06 00:00:00,4.59,5.0,6.0,771599935.0,0
2025-03-06 06:00:00,4.59,4.0,6.0,770527497.7096128,1
2025-03-06 12:00:00,4.59,5.0,6.0,628231685.5,0
2025-03-06 18:00:00,9.3,5.0,6.0,730489365.5,0
2025-03-07 00:00:00,4.59,4.0,6.0,770527497.7096128,1
2025-03-07 06:00:00,4.59,4.0,6.0,726712617.0,0
2025-03-07 12:00:00,4.59,4.0,6.0,770527497.7096128,1
2025-03-07 18:00:00,4.59,4.0,6.0,770527497.7096128,1
2025-03-08 00:00:00,4.59,4.0,6.0,770527497.7096128,1
2025-03-08 06:00:00,3.63,5.0,6.0,739194833.0,0
2025-03-08 12:00:00,3.43,5.0,6.0,764943340.5,0
2025-03-08 18:00:00,5.49,5.0,6.0,739247595.0,0
2025-03-09 00:00:00,6.95,5.0,6.0,739431406.5,0
2025-03-09 06:00:00,4.83,5.0,6.0,805045391.0,0
2025-03-09 12:00:00,4.59,5.0,6.0,748684574.0,0
2025-03-09 18:00:00,5.28,5.0,6.0,762000369.0,0
2025-03-10 00:00:00,6.2,5.0,6.0,716703881.0,0
2025-03-10 06:00:00,4.59,5.0,6.0,669082127.0,0
2025-03-10 12:00:00,4.59,5.0,6.0,681996490.0,0
2025-03-10 18:00:00,4.59,4.0,6.0,770527497.7096128,1
2025-03-11 00:00:00,4.59,4.0,6.0,770527497.7096128,1
2025-03-11 06:00:00,4.59,4.0,6.0,770527497.7096128,1
2025-03-11 12:00:00,4.12,5.0,6.0,663015864.0,0
2025-03-11 18:00:00,4.59,4.0,6.0,770527497.7096128,1
2025-03-12 00:00:00,4.55,5.0,6.0,786115127.0,0
2025-03-12 06:00:00,4.59,4.0,6.0,770527497.7096128,1
2025-03-12 12:00:00,4.6,5.0,6.0,685994675.5,0
2025-03-12 18:00:00,6.32,5.0,6.0,793509610.0,0
2025-03-13 00:00:00,3.89,5.0,6.0,718328353.0,0
2025-03-13 06:00:00,4.35,4.0,6.0,744199709.5,0
2025-03-13 12:00:00,4.59,4.0,6.0,770527497.7096128,1
2025-03-13 18:00:00,3.24,5.0,6.0,754489183.33,0
2025-03-14 00:00:00,4.57,5.0,6.0,720006150.0,0
2025-03-14 06:00:00,4.59,5.0,6.0,793148117.5,0
2025-03-14 12:00:00,6.4,5.0,6.0,758725187.5,0
2025-03-14 18:00:00,3.54,5.0,6.0,764859856.5,0
2025-03-15 00:00:00,4.72,5.0,6.0,784756711.0,0
2025-03-15 06:00:00,4.59,4.0,6.0,770527497.7096128,1
2025-03-15 12:00:00,3.98,5.0,6.0,770494840.0,0
2025-03-15 18:00:00,4.59,5.0,6.0,775161242.0,0
2025-03-16 00:00:00,4.59,5.0,6.0,777311233.0,0
2025-03-16 06:00:00,4.59,5.0,6.0,749316314.0,0
2025-03-16 12:00:00,4.59,5.0,6.0,751908958.5,0
2025-03-16 18:00:00,5.75,5.0,6.0,807930272.0,0
2025-03-17 00:00:00,5.09,5.0,6.0,785775191.0,0
2025-03-17 06:00:00,4.59,5.0,6.0,750073506.5,0
2025-03-17 12:00:00,4.59,5.0,6.0,705115538.0,0
2025-03-17 18:00:00,4.59,4.0,6.0,770527497.7096128,1
2025-03-18 00:00:00,3.44,5.0,6.0,743810678.0,0
2025-03-18 06:00:00,5.66,4.0,6.0,786012962.0,0
2025-03-18 12:00:00,3.83,5.0,6.0,774955633.0,0
2025-03-18 18:00:00,6.47,5.0,6.0,762787424.0,0
2025-03-19 00:00:00,4.59,4.0,6.0,770527497.7096128,1
2025-03-19 06:00:00,5.96,5.0,6.0,752789030.0,0
2025-03-19 12:00:00,4.85,5.0,6.0,709888972.33,0
2025-03-19 18:00:00,5.87,5.0,6.0,767465969.0,0
2025-03-20 00:00:00,4.55,5.0,6.0,708527444.0,0
2025-03-20 06:00:00,4.4,5.0,6.0,738199386.0,0
2025-03-20 12:00:00,6.59,5.0,6.0,672007662.0,0
2025-03-20 18:00:00,4.62,5.0,6.0,679532632.0,0
2025-03-21 00:00:00,4.59,4.0,6.0,770527497.7096128,1
2025-03-21 06:00:00,4.37,5.0,6.0,729917018.5,0
2025-03-21 12:00:00,4.35,5.0,6.0,746660470.5,0
2025-03-21 18:00:00,4.8,5.0,6.0,659917973.0,0
2025-03-22 00:00:00,3.73,5.0,6.0,711879812.0,0
2025-03-22 06:00:00,4.29,5.0,6.0,712928782.0,0
2025-03-22 12:00:00,3.81,5.0,6.0,722207742.0,0
2025-03-22 18:00:00,4.59,4.0,6.0,770527497.7096128,1
2025-03-23 00:00:00,4.59,4.0,6.0,770527497.7096128,1
2025-03-23 06:00:00,4.59,4.0,6.0,770527497.7096128,1
2025-03-23 12:00:00,4.59,4.0,6.0,770527497.7096128,1
2025-03-23 18:00:00,4.59,4.0,6.0,770527497.7096128,1
2025-03-24 00:00:00,4.59,4.0,6.0,770527497.7096128,1
2025-03-24 06:00:00,4.59,4.0,6.0,770527497.7096128,1
2025-03-24 12:00:00,4.59,4.0,6.0,770527497.7096128,1
2025-03-24 18:00:00,4.59,4.0,6.0,770527497.7096128,1
2025-03-25 00:00:00,4.59,4.0,6.0,770527497.7096128,1
2025-03-25 06:00:00,4.59,4.0,6.0,750185028.0,0
2025-03-25 12:00:00,4.59,4.0,6.0,770527497.7096128,1
2025-03-25 18:00:00,2.75,5.0,6.0,698470965.0,0
2025-03-26 00:00:00,4.59,4.0,6.0,770527497.7096128,1
2025-03-26 06:00:00,7.39,5.0,6.0,772312302.0,0
2025-03-26 12:00:00,-7.65,5.0,6.0,575223839.5,0
2025-03-26 18:00:00,3.78,5.0,6.0,733952239.0,0
2025-03-27 00:00:00,4.59,4.0,6.0,717964510.0,0
2025-03-27 06:00:00,4.59,4.0,6.0,721149297.0,0
2025-03-27 12:00:00,4.11,4.0,6.0,689601212.0,0
2025-03-27 18:00:00,3.97,4.0,6.0,735473486.0,0
2025-03-28 00:00:00,4.37,4.0,6.0,719657259.0,0
2025-03-28 06:00:00,4.59,4.0,6.0,657250295.0,0
2025-03-28 12:00:00,4.75,4.0,6.0,616670780.0,0
2025-03-28 18:00:00,4.59,4.0,6.0,770527497.7096128,1
2025-03-29 00:00:00,4.63,4.0,6.0,696619131.0,0
2025-03-29 06:00:00,4.39,4.0,6.0,770180920.0,0
2025-03-29 12:00:00,3.57,4.0,6.0,680421714.0,0
2025-03-29 18:00:00,4.54,4.0,6.0,730597044.0,0
2025-03-30 00:00:00,4.66,4.0,6.0,761058678.5,0
2025-03-30 06:00:00,4.24,4.0,6.0,700189004.0,0
2025-03-30 12:00:00,4.24,4.0,6.0,697152132.0,0
2025-03-30 18:00:00,4.15,4.0,6.0,747101757.5,0
2025-03-31 00:00:00,4.59,4.0,6.0,770527497.7096128,1
2025-03-31 06:00:00,4.59,4.0,6.0,746430169.0,0
2025-03-31 12:00:00,5.17,4.0,6.0,735605553.0,0
2025-03-31 18:00:00,5.99,4.0,6.0,724725077.0,0
2025-04-01 00:00:00,4.39,4.0,6.0,713242643.0,0
2025-04-01 06:00:00,4.59,4.0,6.0,770527497.7096128,1
2025-04-01 12:00:00,4.59,4.0,6.0,770527497.7096128,1
2025-04-01 18:00:00,4.51,4.0,6.0,715688274.0,0
2025-04-02 00:00:00,4.27,4.0,6.0,690015816.0,0
2025-04-02 06:00:00,6.76,4.0,6.0,609687416.0,0
2025-04-02 12:00:00,4.59,4.0,6.0,711163631.67,0
2025-04-02 18:00:00,4.59,4.0,6.0,770527497.7096128,1
2025-04-03 00:00:00,4.59,4.0,6.0,770527497.7096128,1
2025-04-03 06:00:00,7.6,4.0,6.0,582851290.0,0
2025-04-03 12:00:00,5.59,4.0,6.0,666214393.0,0
2025-04-03 18:00:00,4.54,4.0,6.0,614934059.0,0
2025-04-04 00:00:00,4.59,4.0,6.0,770527497.7096128,1
2025-04-04 06:00:00,4.49,4.0,6.0,643194910.0,0
2025-04-04 12:00:00,1.8,4.0,6.0,733637152.0,0
2025-04-04 18:00:00,4.59,4.0,6.0,770527497.7096128,1
2025-04-05 00:00:00,4.59,4.0,6.0,770527497.7096128,1
2025-04-05 06:00:00,4.59,4.0,6.0,770527497.7096128,1
2025-04-05 12:00:00,4.59,4.0,6.0,770527497.7096128,1
2025-04-05 18:00:00,4.59,4.0,6.0,770527497.7096128,1
2025-04-06 00:00:00,4.59,4.0,6.0,770527497.7096128,1
2025-04-06 06:00:00,4.59,4.0,6.0,770527497.7096128,1
2025-04-06 12:00:00,4.59,4.0,6.0,770527497.7096128,1
2025-04-06 18:00:00,4.59,4.0,6.0,770527497.7096128,1
2025-04-07 00:00:00,4.59,4.0,6.0,770527497.7096128,1
2025-04-07 06:00:00,4.59,4.0,6.0,770527497.7096128,1
2025-04-07 12:00:00,4.59,4.0,6.0,770527497.7096128,1
2025-04-07 18:00:00,4.59,4.0,6.0,770527497.7096128,1
2025-04-08 00:00:00,4.59,4.0,6.0,770527497.7096128,1
2025-04-08 06:00:00,4.59,4.0,6.0,770527497.7096128,1
2025-04-08 12:00:00,4.59,4.0,6.0,770527497.7096128,1
2025-04-08 18:00:00,4.59,4.0,6.0,770527497.7096128,1
2025-04-09 00:00:00,4.59,4.0,6.0,770527497.7096128,1
2025-04-09 06:00:00,4.59,4.0,6.0,770527497.7096128,1
2025-04-09 12:00:00,3.92,4.0,6.0,572260981.0,0
2025-04-09 18:00:00,5.3,4.0,6.0,731621727.0,0
2025-04-10 00:00:00,3.23,4.0,6.0,764150914.5,0
2025-04-10 06:00:00,4.59,4.0,6.0,770527497.7096128,1
2025-04-10 12:00:00,8.08,4.0,6.0,660339811.0,0
2025-04-10 18:00:00,16.9,4.0,6.0,684667459.0,0
2025-04-11 00:00:00,4.59,4.0,6.0,770527497.7096128,1
2025-04-11 06:00:00,4.13,4.0,6.0,639854535.67,0
2025-04-11 12:00:00,4.59,4.0,6.0,770527497.7096128,1
2025-04-11 18:00:00,5.21,4.0,6.0,770495675.0,0
2025-04-12 00:00:00,4.59,4.0,6.0,770527497.7096128,1
2025-04-12 06:00:00,3.87,4.0,6.0,787138762.0,0
2025-04-12 12:00:00,3.68,4.0,6.0,653631794.0,0
2025-04-12 18:00:00,4.47,4.0,6.0,707736760.0,0
2025-04-13 00:00:00,4.59,4.0,6.0,770527497.7096128,1
2025-04-13 06:00:00,4.45,4.0,6.0,724358582.0,0
2025-04-13 12:00:00,3.79,4.0,6.0,709756311.5,0
2025-04-13 18:00:00,4.59,4.0,6.0,770527497.7096128,1
2025-04-14 00:00:00,4.9,4.0,6.0,751932984.0,0
2025-04-14 06:00:00,4.59,4.0,6.0,770527497.7096128,1
2025-04-14 12:00:00,5.61,4.0,6.0,716075317.0,0
2025-04-14 18:00:00,11.64,4.0,6.0,735316530.0,0
2025-04-15 00:00:00,1.63,4.0,6.0,779932778.0,0
2025-04-15 06:00:00,4.59,4.0,6.0,770527497.7096128,1
2025-04-15 12:00:00,5.91,4.0,6.0,719063508.0,0
2025-04-15 18:00:00,7.65,4.0,6.0,694892295.5,0
2025-04-16 00:00:00,5.33,4.0,6.0,748634578.0,0
2025-04-16 06:00:00,4.24,4.0,6.0,626247036.0,0
2025-04-16 12:00:00,4.62,4.0,6.0,682795664.5,0
2025-04-16 18:00:00,4.59,4.0,6.0,770527497.7096128,1
2025-04-17 00:00:00,4.59,4.0,6.0,770527497.7096128,1
2025-04-17 06:00:00,4.09,4.0,6.0,706899478.0,0
2025-04-17 12:00:00,3.95,4.0,6.0,643985517.0,0
2025-04-17 18:00:00,4.59,4.0,6.0,770527497.7096128,1
2025-04-18 00:00:00,4.59,4.0,6.0,770527497.7096128,1
2025-04-18 06:00:00,4.37,4.0,6.0,671352630.0,0
2025-04-18 12:00:00,5.0,4.0,6.0,729349542.0,0
2025-04-18 18:00:00,4.31,4.0,6.0,684093137.0,0
2025-04-19 00:00:00,5.07,4.0,6.0,716966779.0,0
2025-04-19 06:00:00,11.92,4.0,6.0,652425879.0,0
2025-04-19 12:00:00,4.59,4.0,6.0,770527497.7096128,1
2025-04-19 18:00:00,4.29,4.0,6.0,737359104.5,0
2025-04-20 00:00:00,4.59,4.0,6.0,770527497.7096128,1
2025-04-20 06:00:00,4.59,4.0,6.0,770527497.7096128,1
2025-04-20 12:00:00,4.16,4.0,6.0,738569016.5,0
2025-04-20 18:00:00,7.7,4.0,6.0,746951423.5,0
2025-04-21 00:00:00,4.69,4.0,6.0,734164854.0,0
2025-04-21 06:00:00,4.25,4.0,6.0,794402250.0,0
2025-04-21 12:00:00,4.59,4.0,6.0,756073407.0,0
2025-04-21 18:00:00,4.59,4.0,6.0,770527497.7096128,1
2025-04-22 00:00:00,4.59,4.0,6.0,734580431.0,0
2025-04-22 06:00:00,4.59,4.0,6.0,724541903.0,0
2025-04-22 12:00:00,5.05,4.0,6.0,729652813.0,0
2025-04-22 18:00:00,4.59,4.0,6.0,700343135.0,0
2025-04-23 00:00:00,4.59,4.0,6.0,770527497.7096128,1
2025-04-23 06:00:00,4.75,4.0,6.0,713948089.5,0
2025-04-23 12:00:00,4.17,4.0,6.0,712928115.0,0
2025-04-23 18:00:00,4.59,4.0,6.0,770527497.7096128,1
2025-04-24 00:00:00,4.24,4.0,6.0,760243638.0,0
2025-04-24 06:00:00,4.22,4.0,6.0,669345870.0,0
2025-04-24 12:00:00,3.6,4.0,6.0,583265522.0,0
2025-04-24 18:00:00,4.22,4.0,6.0,742025511.0,0
2025-04-25 00:00:00,3.29,4.0,6.0,684352510.0,0
2025-04-25 06:00:00,5.07,4.0,6.0,718434189.5,0
2025-04-25 12:00:00,4.59,4.0,6.0,770527497.7096128,1
2025-04-25 18:00:00,5.06,4.0,6.0,729968883.0,0
2025-04-26 00:00:00,3.68,4.0,6.0,779607329.0,0
2025-04-26 06:00:00,4.59,4.0,6.0,784911800.0,0
2025-04-26 12:00:00,5.08,4.0,6.0,769779043.0,0
2025-04-26 18:00:00,3.76,4.0,6.0,761058246.5,0
2025-04-27 00:00:00,4.04,4.0,6.0,748166002.5,0
2025-04-27 06:00:00,4.59,4.0,6.0,770527497.7096128,1
2025-04-27 12:00:00,3.96,4.0,6.0,789710718.0,0
2025-04-27 18:00:00,4.21,4.0,6.0,765199445.0,0
2025-04-28 00:00:00,4.13,4.0,6.0,760479934.0,0
2025-04-28 06:00:00,4.44,4.0,6.0,740402067.0,0
2025-04-28 12:00:00,1.79,4.0,6.0,616031838.5,0
2025-04-28 18:00:00,3.64,4.0,6.0,718978774.0,0
2025-04-29 00:00:00,4.57,4.0,6.0,734003273.0,0
2025-04-29 06:00:00,4.19,4.0,6.0,764678750.0,0
2025-04-29 12:00:00,4.48,4.0,6.0,715655444.5,0
2025-04-29 18:00:00,5.72,4.0,6.0,774847211.0,0
2025-04-30 00:00:00,4.7,4.0,6.0,814063931.0,0
2025-04-30 06:00:00,4.59,4.0,6.0,712325100.5,0
2025-04-30 12:00:00,4.59,4.0,6.0,770527497.7096128,1
2025-04-30 18:00:00,3.65,4.0,6.0,737673474.0,0
2025-05-01 00:00:00,4.29,4.0,6.0,824297174.0,0
2025-05-01 06:00:00,4.12,4.0,6.0,814428001.0,0
2025-05-01 12:00:00,4.41,4.0,6.0,762475387.5,0
2025-05-01 18:00:00,7.59,4.0,6.0,735156339.0,0
2025-05-02 00:00:00,4.35,4.0,6.0,777890539.0,0
2025-05-02 06:00:00,4.59,4.0,6.0,770527497.7096128,1
2025-05-02 12:00:00,5.52,4.0,6.0,789524430.0,0
2025-05-02 18:00:00,14.45,4.0,6.0,802365290.5,0
2025-05-03 00:00:00,4.59,4.0,6.0,770527497.7096128,1
2025-05-03 06:00:00,4.59,4.0,6.0,770527497.7096128,1
2025-05-03 12:00:00,4.16,4.0,6.0,755633014.5,0
2025-05-03 18:00:00,6.42,4.0,6.0,753928292.0,0
2025-05-04 00:00:00,4.93,4.0,6.0,807039020.0,0
2025-05-04 06:00:00,4.59,4.0,6.0,770527497.7096128,1
2025-05-04 12:00:00,5.15,4.0,6.0,810157833.5,0
2025-05-04 18:00:00,5.22,4.0,6.0,780666432.0,0
2025-05-05 00:00:00,5.55,4.0,6.0,753194664.0,0
2025-05-05 06:00:00,4.59,4.0,6.0,770527497.7096128,1
2025-05-05 12:00:00,3.82,4.0,6.0,714817297.0,0
2025-05-05 18:00:00,4.59,4.0,6.0,772923422.33,0
2025-05-06 00:00:00,4.59,4.0,6.0,770527497.7096128,1
2025-05-06 06:00:00,4.53,4.0,6.0,710017849.0,0
2025-05-06 12:00:00,5.63,4.0,6.0,777101344.0,0
2025-05-06 18:00:00,6.5,4.0,6.0,744989481.0,0
2025-05-07 00:00:00,4.81,4.0,6.0,793197298.0,0
2025-05-07 06:00:00,4.07,4.0,6.0,735105564.0,0
2025-05-07 12:00:00,8.85,4.0,6.0,762419878.5,0
2025-05-07 18:00:00,4.15,4.0,6.0,737152245.0,0
2025-05-08 00:00:00,4.59,4.0,6.0,770527497.7096128,1
2025-05-08 06:00:00,3.5,4.0,6.0,794246485.5,0
2025-05-08 12:00:00,4.59,4.0,6.0,806983080.0,0
2025-05-08 18:00:00,5.69,4.0,6.0,768031180.0,0
2025-05-09 00:00:00,5.09,4.0,6.0,748500652.0,0
2025-05-09 06:00:00,4.59,4.0,6.0,677408754.0,0
2025-05-09 12:00:00,4.59,4.0,6.0,770527497.7096128,1
2025-05-09 18:00:00,4.59,4.0,6.0,797600908.5,0
2025-05-10 00:00:00,4.59,4.0,6.0,770527497.7096128,1
2025-05-10 06:00:00,4.59,4.0,6.0,817156093.0,0
2025-05-10 12:00:00,4.3,4.0,6.0,785751250.0,0
2025-05-10 18:00:00,5.45,4.0,6.0,781294719.0,0
2025-05-11 00:00:00,4.59,4.0,6.0,770527497.7096128,1
2025-05-11 06:00:00,4.1,4.0,6.0,756233011.0,0
2025-05-11 12:00:00,4.59,4.0,6.0,770527497.7096128,1
2025-05-11 18:00:00,4.87,4.0,6.0,774478349.0,0
2025-05-12 00:00:00,2.81,4.0,6.0,788374427.0,0
2025-05-12 06:00:00,4.93,4.0,6.0,686662087.0,0
2025-05-12 12:00:00,3.73,4.0,6.0,702968619.0,0
2025-05-12 18:00:00,4.57,4.0,6.0,727604958.0,0
2025-05-13 00:00:00,4.52,4.0,6.0,775526460.0,0
2025-05-13 06:00:00,5.05,4.0,6.0,712982138.0,0
2025-05-13 12:00:00,7.3,4.0,6.0,711407738.0,0
2025-05-13 18:00:00,4.54,4.0,6.0,770130185.0,0
2025-05-14 00:00:00,5.13,4.0,6.0,765407017.0,0
2025-05-14 06:00:00,6.73,4.0,6.0,724786131.0,0
2025-05-14 12:00:00,4.76,4.0,6.0,692088124.0,0
2025-05-14 18:00:00,30.05,4.0,6.0,734582653.0,0
2025-05-15 00:00:00,4.59,4.0,6.0,770527497.7096128,1
2025-05-15 06:00:00,4.59,4.0,6.0,770527497.7096128,1
2025-05-15 12:00:00,5.96,4.0,6.0,605607491.0,0
2025-05-15 18:00:00,6.18,4.0,6.0,739165259.0,0
2025-05-16 00:00:00,4.59,4.0,6.0,770527497.7096128,1
2025-05-16 06:00:00,4.48,4.0,6.0,709835901.0,0
2025-05-16 12:00:00,5.82,4.0,6.0,817625909.0,0
2025-05-16 18:00:00,4.26,4.0,6.0,738569195.0,0
2025-05-17 00:00:00,4.59,4.0,6.0,770527497.7096128,1
2025-05-17 06:00:00,4.59,4.0,6.0,770527497.7096128,1
2025-05-17 12:00:00,4.59,4.0,6.0,770527497.7096128,1
2025-05-17 18:00:00,4.59,4.0,6.0,770527497.7096128,1
2025-05-18 00:00:00,4.59,4.0,6.0,770527497.7096128,1
2025-05-18 06:00:00,4.59,4.0,6.0,770527497.7096128,1
2025-05-18 12:00:00,4.59,4.0,6.0,770527497.7096128,1
2025-05-18 18:00:00,4.59,4.0,6.0,770527497.7096128,1
2025-05-19 00:00:00,4.59,4.0,6.0,770527497.7096128,1
2025-05-19 06:00:00,4.59,4.0,6.0,770527497.7096128,1
2025-05-19 12:00:00,4.59,4.0,6.0,770527497.7096128,1
2025-05-19 18:00:00,4.59,4.0,6.0,770527497.7096128,1
2025-05-20 00:00:00,4.59,4.0,6.0,770527497.7096128,1
2025-05-20 06:00:00,4.59,4.0,6.0,770527497.7096128,1
2025-05-20 12:00:00,4.59,4.0,6.0,770527497.7096128,1
2025-05-20 18:00:00,4.59,4.0,6.0,770527497.7096128,1
2025-05-21 00:00:00,4.59,4.0,6.0,770527497.7096128,1
2025-05-21 06:00:00,4.59,4.0,6.0,770527497.7096128,1
2025-05-21 12:00:00,4.59,4.0,6.0,770527497.7096128,1
2025-05-21 18:00:00,4.59,4.0,6.0,770527497.7096128,1
2025-05-22 00:00:00,4.59,4.0,6.0,770527497.7096128,1
2025-05-22 06:00:00,4.59,4.0,6.0,770527497.7096128,1
2025-05-22 12:00:00,4.59,4.0,6.0,770527497.7096128,1
2025-05-22 18:00:00,4.59,4.0,6.0,770527497.7096128,1
2025-05-23 00:00:00,4.59,4.0,6.0,770527497.7096128,1
2025-05-23 06:00:00,4.59,4.0,6.0,770527497.7096128,1
2025-05-23 12:00:00,4.59,4.0,6.0,770527497.7096128,1
2025-05-23 18:00:00,4.59,4.0,6.0,770527497.7096128,1
2025-05-24 00:00:00,4.59,4.0,6.0,770527497.7096128,1
2025-05-24 06:00:00,4.59,4.0,6.0,770527497.7096128,1
2025-05-24 12:00:00,4.59,4.0,6.0,770527497.7096128,1
2025-05-24 18:00:00,4.59,4.0,6.0,770527497.7096128,1
2025-05-25 00:00:00,4.59,4.0,6.0,770527497.7096128,1
2025-05-25 06:00:00,4.59,4.0,6.0,770527497.7096128,1
2025-05-25 12:00:00,4.59,4.0,6.0,770527497.7096128,1
2025-05-25 18:00:00,4.59,4.0,6.0,770527497.7096128,1
2025-05-26 00:00:00,4.59,4.0,6.0,770527497.7096128,1
2025-05-26 06:00:00,4.59,4.0,6.0,770527497.7096128,1
2025-05-26 12:00:00,4.59,4.0,6.0,770527497.7096128,1
2025-05-26 18:00:00,4.59,4.0,6.0,770527497.7096128,1
2025-05-27 00:00:00,4.36,4.0,6.0,721422019.0,0
2025-05-27 06:00:00,6.31,4.0,6.0,752564405.5,0
2025-05-27 12:00:00,4.63,4.0,6.0,660393891.0,0
2025-05-27 18:00:00,6.74,4.0,6.0,768872273.0,0
2025-05-28 00:00:00,5.74,4.0,6.0,785311217.0,0
2025-05-28 06:00:00,5.77,4.0,6.0,800625473.0,0
2025-05-28 12:00:00,5.83,4.0,6.0,640927185.5,0
2025-05-28 18:00:00,4.59,4.0,6.0,770703668.0,0
2025-05-29 00:00:00,4.59,4.0,6.0,770527497.7096128,1
2025-05-29 06:00:00,3.36,4.0,6.0,706326055.0,0
2025-05-29 12:00:00,5.95,4.0,6.0,640155872.0,0
2025-05-29 18:00:00,4.67,4.0,6.0,737360597.0,0
2025-05-30 00:00:00,4.66,4.0,6.0,729917658.0,0
2025-05-30 06:00:00,5.89,4.0,6.0,691956305.0,0
2025-05-30 12:00:00,4.59,4.0,6.0,770527497.7096128,1
2025-05-30 18:00:00,4.92,4.0,6.0,741816537.0,0
2025-05-31 00:00:00,5.47,4.0,6.0,704016108.0,0
2025-05-31 06:00:00,5.9,4.0,6.0,751253477.0,0
2025-05-31 12:00:00,4.59,4.0,6.0,770527497.7096128,1
2025-05-31 18:00:00,6.0,4.0,6.0,777935617.0,0
2025-06-01 00:00:00,5.22,4.0,6.0,700346081.0,0
2025-06-01 06:00:00,4.69,4.0,6.0,763077144.5,0
2025-06-01 12:00:00,6.41,4.0,6.0,755814072.0,0
2025-06-01 18:00:00,5.0,4.0,6.0,721081797.0,0
2025-06-02 00:00:00,4.88,4.0,6.0,742841643.0,0
2025-06-02 06:00:00,4.59,4.0,6.0,770527497.7096128,1
2025-06-02 12:00:00,6.23,4.0,6.0,660814941.0,0
2025-06-02 18:00:00,7.86,4.0,6.0,714888618.0,0
2025-06-03 00:00:00,7.64,4.0,6.0,804728444.0,0
2025-06-03 06:00:00,4.7,4.0,6.0,705259949.33,0
2025-06-03 12:00:00,4.59,4.0,6.0,770527497.7096128,1
2025-06-03 18:00:00,6.54,4.0,6.0,698563407.67,0
2025-06-04 00:00:00,4.59,4.0,6.0,770527497.7096128,1
2025-06-04 06:00:00,5.9,4.0,6.0,641939735.0,0
2025-06-04 12:00:00,5.52,4.0,6.0,664929189.0,0
2025-06-04 18:00:00,6.86,4.0,6.0,737905621.0,0
2025-06-05 00:00:00,3.68,4.0,6.0,810757503.0,0
2025-06-05 06:00:00,3.78,4.0,6.0,695784099.0,0
2025-06-05 12:00:00,4.06,4.0,6.0,752145934.0,0
2025-06-05 18:00:00,9.4,4.0,6.0,750780078.0,0
2025-06-06 00:00:00,4.59,4.0,6.0,770527497.7096128,1
2025-06-06 06:00:00,6.06,4.0,6.0,726869228.0,0
2025-06-06 12:00:00,4.59,4.0,6.0,770527497.7096128,1
2025-06-06 18:00:00,5.03,4.0,6.0,758317458.0,0
2025-06-07 00:00:00,5.81,4.0,6.0,772120420.5,0
2025-06-07 06:00:00,4.59,4.0,6.0,770527497.7096128,1
2025-06-07 12:00:00,4.59,4.0,6.0,755399276.0,0
2025-06-07 18:00:00,6.22,4.0,6.0,751752989.0,0
2025-06-08 00:00:00,5.38,4.0,6.0,747060687.0,0
2025-06-08 06:00:00,5.69,4.0,6.0,747953037.0,0
2025-06-08 12:00:00,5.05,29.0,10.0,802214513.5,0
2025-06-08 18:00:00,4.59,4.0,6.0,770527497.7096128,1
2025-06-09 00:00:00,12.0,4.0,6.0,783551315.0,0
2025-06-09 06:00:00,4.59,4.0,6.0,770527497.7096128,1
2025-06-09 12:00:00,5.42,4.0,6.0,802264453.0,0
2025-06-09 18:00:00,6.07,4.0,6.0,777834415.0,0
2025-06-10 00:00:00,4.59,4.0,6.0,770527497.7096128,1
2025-06-10 06:00:00,9.5,4.0,6.0,739433101.5,0
2025-06-10 12:00:00,4.59,4.0,6.0,770527497.7096128,1
2025-06-10 18:00:00,4.66,4.0,6.0,740735749.5,0
2025-06-11 00:00:00,17.01,4.0,6.0,683412756.0,0
2025-06-11 06:00:00,15.39,4.0,6.0,734907969.0,0
2025-06-11 12:00:00,7.65,4.0,6.0,771334395.0,0
2025-06-11 18:00:00,5.06,4.0,6.0,771028098.0,0
2025-06-12 00:00:00,6.26,4.0,6.0,746829883.0,0
2025-06-12 06:00:00,3.16,4.0,6.0,743550265.0,0
2025-06-12 12:00:00,5.88,4.0,6.0,760482633.0,0
2025-06-12 18:00:00,6.26,4.0,6.0,753691979.0,0
2025-06-13 00:00:00,6.54,4.0,6.0,707283826.0,0
2025-06-13 06:00:00,6.07,4.0,6.0,727533530.0,0
2025-06-13 12:00:00,6.61,4.0,6.0,739658781.0,0
2025-06-13 18:00:00,12.86,4.0,6.0,706689565.5,0
2025-06-14 00:00:00,4.59,4.0,6.0,740559391.0,0
2025-06-14 06:00:00,12.39,4.0,6.0,694281696.0,0
2025-06-14 12:00:00,4.59,4.0,6.0,770527497.7096128,1
2025-06-14 18:00:00,5.73,4.0,6.0,781060858.0,0
2025-06-15 00:00:00,8.47,4.0,6.0,785964424.0,0
2025-06-15 06:00:00,10.55,4.0,6.0,745699333.0,0
2025-06-15 12:00:00,6.92,4.0,6.0,751940429.0,0
2025-06-15 18:00:00,6.18,4.0,6.0,701969659.0,0
2025-06-16 00:00:00,5.6,4.0,6.0,691641870.0,0
2025-06-16 06:00:00,6.31,4.0,6.0,616457768.0,0
2025-06-16 12:00:00,4.59,4.0,6.0,770527497.7096128,1
2025-06-16 18:00:00,4.59,4.0,6.0,770527497.7096128,1
2025-06-17 00:00:00,4.59,4.0,6.0,770527497.7096128,1
2025-06-17 06:00:00,4.59,4.0,6.0,713596994.0,0
2025-06-17 12:00:00,4.59,4.0,6.0,770527497.7096128,1
2025-06-17 18:00:00,4.73,4.0,6.0,655371329.0,0
2025-06-18 00:00:00,11.56,4.0,6.0,748842419.5,0
2025-06-18 06:00:00,5.29,4.0,6.0,644140880.0,0
2025-06-18 12:00:00,5.29,4.0,6.0,529426472.0,0
2025-06-18 18:00:00,6.27,4.0,6.0,661340123.0,0
2025-06-19 00:00:00,4.59,4.0,6.0,771599393.5,0
2025-06-19 06:00:00,5.04,4.0,6.0,768450458.0,0
2025-06-19 12:00:00,5.1,4.0,6.0,709288135.33,0
2025-06-19 18:00:00,4.59,4.0,6.0,770527497.7096128,1
2025-06-20 00:00:00,4.61,4.0,6.0,725850750.0,0
2025-06-20 06:00:00,5.34,4.0,6.0,732144190.5,0
2025-06-20 12:00:00,4.12,4.0,6.0,751250960.0,0
2025-06-20 18:00:00,6.77,4.0,6.0,753718716.67,0
2025-06-21 00:00:00,4.59,4.0,6.0,770527497.7096128,1
2025-06-21 06:00:00,4.56,4.0,6.0,771912696.0,0
2025-06-21 12:00:00,4.59,4.0,6.0,770527497.7096128,1
2025-06-21 18:00:00,4.45,4.0,6.0,737780565.5,0
2025-06-22 00:00:00,4.59,4.0,6.0,770527497.7096128,1
2025-06-22 06:00:00,4.36,4.0,6.0,754153900.67,0
2025-06-22 12:00:00,4.49,4.0,6.0,722313527.0,0
2025-06-22 18:00:00,4.59,4.0,6.0,770527497.7096128,1
2025-06-23 00:00:00,4.66,4.0,6.0,753597360.0,0
2025-06-23 06:00:00,4.59,4.0,6.0,770527497.7096128,1
2025-06-23 12:00:00,5.52,4.0,6.0,685297598.0,0
2025-06-23 18:00:00,4.47,4.0,6.0,730572121.0,0
2025-06-24 00:00:00,5.11,4.0,6.0,705641133.0,0
2025-06-24 06:00:00,4.72,4.0,6.0,583667398.5,0
2025-06-24 12:00:00,5.3,4.0,6.0,766547748.0,0
2025-06-24 18:00:00,2.36,4.0,6.0,666151170.0,0
2025-06-25 00:00:00,3.52,4.0,6.0,740088419.0,0
2025-06-25 06:00:00,4.37,4.0,6.0,736624934.0,0
2025-06-25 12:00:00,4.59,4.0,6.0,722627884.0,0
2025-06-25 18:00:00,4.59,4.0,6.0,639527301.0,0
2025-06-26 00:00:00,4.91,4.0,6.0,689338446.0,0
2025-06-26 06:00:00,4.59,4.0,6.0,770527497.7096128,1
2025-06-26 12:00:00,4.59,4.0,6.0,536358799.0,0
2025-06-26 18:00:00,4.59,4.0,6.0,688648707.0,0
2025-06-27 00:00:00,4.37,4.0,6.0,761742262.0,0
2025-06-27 06:00:00,4.89,4.0,6.0,727084670.0,0
2025-06-27 12:00:00,4.59,4.0,6.0,770527497.7096128,1
2025-06-27 18:00:00,4.59,4.0,6.0,770527497.7096128,1
2025-06-28 00:00:00,4.44,4.0,6.0,731068722.0,0
2025-06-28 06:00:00,4.39,4.0,6.0,767348147.0,0
2025-06-28 12:00:00,4.59,4.0,6.0,770527497.7096128,1
2025-06-28 18:00:00,4.59,4.0,6.0,770527497.7096128,1
2025-06-29 00:00:00,4.33,4.0,6.0,777888944.0,0
2025-06-29 06:00:00,4.59,4.0,6.0,770527497.7096128,1
2025-06-29 12:00:00,5.36,4.0,6.0,764502584.67,0
2025-06-29 18:00:00,4.13,4.0,6.0,751672457.0,0
2025-06-30 00:00:00,4.2,4.0,6.0,707120859.5,0
2025-06-30 06:00:00,3.94,4.0,6.0,572313496.0,0
2025-06-30 12:00:00,5.77,4.0,6.0,713819753.0,0
2025-06-30 18:00:00,5.4,4.0,6.0,654160760.5,0
2025-07-01 00:00:00,4.2,4.0,6.0,773747286.0,0
2025-07-01 06:00:00,4.78,4.0,6.0,753034892.0,0
2025-07-01 12:00:00,4.53,4.0,6.0,750360647.0,0
2025-07-01 18:00:00,7.4,4.0,6.0,570320885.0,0
2025-07-02 00:00:00,7.13,4.0,6.0,805882762.0,0
2025-07-02 06:00:00,4.59,4.0,6.0,555642204.0,0
2025-07-02 12:00:00,4.59,4.0,6.0,770527497.7096128,1
2025-07-02 18:00:00,4.59,4.0,6.0,675892092.0,0
2025-07-03 00:00:00,5.01,4.0,6.0,764545340.0,0
2025-07-03 06:00:00,4.54,4.0,6.0,714238685.0,0
2025-07-03 12:00:00,4.44,4.0,6.0,622803717.5,0
2025-07-03 18:00:00,4.47,4.0,6.0,769591619.0,0
2025-07-04 00:00:00,15.95,4.0,6.0,779779702.5,0
2025-07-04 06:00:00,4.22,4.0,6.0,708156372.0,0
2025-07-04 12:00:00,5.14,4.0,6.0,732906006.0,0
2025-07-04 18:00:00,5.74,4.0,6.0,733237339.0,0
2025-07-05 00:00:00,11.22,4.0,6.0,740610897.5,0
2025-07-05 06:00:00,4.93,4.0,6.0,719115542.0,0
2025-07-05 12:00:00,8.66,4.0,6.0,767084200.0,0
2025-07-05 18:00:00,5.3,4.0,6.0,735278179.67,0
2025-07-06 00:00:00,2.91,4.0,6.0,743334820.0,0
2025-07-06 06:00:00,7.24,4.0,6.0,736050997.0,0
2025-07-06 12:00:00,5.21,4.0,6.0,731801954.5,0
2025-07-06 18:00:00,9.26,4.0,6.0,734529397.0,0
2025-07-07 00:00:00,4.6,29.0,6.0,752039158.0,0
2025-07-07 06:00:00,5.83,4.0,6.0,747828038.67,0
2025-07-07 12:00:00,4.27,4.0,6.0,743198356.0,0
2025-07-07 18:00:00,5.31,4.0,6.0,816212129.0,0
2025-07-08 00:00:00,4.45,4.0,6.0,743127150.5,0
2025-07-08 06:00:00,5.96,4.0,6.0,701326879.5,0
2025-07-08 12:00:00,4.25,4.0,6.0,461533334.0,0
2025-07-08 18:00:00,8.2,4.0,6.0,689520067.0,0
2025-07-09 00:00:00,5.24,4.0,6.0,748396848.5,0
2025-07-09 06:00:00,44.65,8.0,20.0,741030474.0,0
2025-07-09 12:00:00,4.59,4.0,6.0,770527497.7096128,1
2025-07-09 18:00:00,4.59,4.0,6.0,770527497.7096128,1
2025-07-10 00:00:00,4.34,4.0,6.0,757127253.0,0
2025-07-10 06:00:00,4.59,4.0,6.0,770527497.7096128,1
2025-07-10 12:00:00,4.59,4.0,6.0,614520484.0,0
2025-07-10 18:00:00,4.59,4.0,6.0,758584797.0,0
2025-07-11 00:00:00,6.55,4.0,6.0,721054620.0,0
2025-07-11 06:00:00,6.97,4.0,6.0,694996942.0,0
2025-07-11 12:00:00,4.07,4.0,6.0,733112900.0,0
2025-07-11 18:00:00,4.62,4.0,6.0,758173066.0,0
2025-07-12 00:00:00,4.67,4.0,6.0,770155452.0,0
2025-07-12 06:00:00,4.27,4.0,6.0,710502120.0,0
2025-07-12 12:00:00,7.18,4.0,6.0,773899427.0,0
2025-07-12 18:00:00,4.59,4.0,6.0,770527497.7096128,1
2025-07-13 00:00:00,5.07,4.0,6.0,745487128.5,0
2025-07-13 06:00:00,5.02,4.0,6.0,763786271.0,0
2025-07-13 12:00:00,4.33,4.0,6.0,738853152.0,0
2025-07-13 18:00:00,5.31,4.0,6.0,783602490.0,0
2025-07-14 00:00:00,5.1,4.0,6.0,743737503.5,0
2025-07-14 06:00:00,5.27,4.0,6.0,689022011.0,0
2025-07-14 12:00:00,8.8,4.0,6.0,657328072.5,0
2025-07-14 18:00:00,5.13,4.0,6.0,760271961.0,0
2025-07-15 00:00:00,4.43,4.0,6.0,714449579.0,0
2025-07-15 06:00:00,4.56,4.0,6.0,493834571.0,0
2025-07-15 12:00:00,8.05,4.0,6.0,636242670.0,0
2025-07-15 18:00:00,4.8,4.0,6.0,729469788.5,0
2025-07-16 00:00:00,4.95,4.0,6.0,708078802.0,0
2025-07-16 06:00:00,5.22,4.0,6.0,728008674.0,0
2025-07-16 12:00:00,4.59,4.0,6.0,770527497.7096128,1
2025-07-16 18:00:00,4.59,4.0,6.0,770527497.7096128,1
2025-07-17 00:00:00,4.59,4.0,6.0,770527497.7096128,1
2025-07-17 06:00:00,4.59,4.0,6.0,770527497.7096128,1
2025-07-17 12:00:00,4.59,4.0,6.0,770527497.7096128,1
2025-07-17 18:00:00,8.53,4.0,6.0,703962905.0,0
2025-07-18 00:00:00,5.17,4.0,6.0,754058802.0,0
2025-07-18 06:00:00,4.66,4.0,6.0,436941881.0,0
2025-07-18 12:00:00,4.59,4.0,6.0,770527497.7096128,1
2025-07-18 18:00:00,4.59,4.0,6.0,770527497.7096128,1
2025-07-19 00:00:00,4.59,4.0,6.0,770527497.7096128,1
2025-07-19 06:00:00,5.06,4.0,6.0,739509444.0,0
2025-07-19 12:00:00,4.26,4.0,6.0,743496051.5,0
2025-07-19 18:00:00,5.16,4.0,6.0,757366635.5,0
2025-07-20 00:00:00,4.59,4.0,6.0,770527497.7096128,1
2025-07-20 06:00:00,5.24,4.0,6.0,784018785.0,0
2025-07-20 12:00:00,4.47,4.0,6.0,758252770.5,0
2025-07-20 18:00:00,4.59,4.0,6.0,770527497.7096128,1
2025-07-21 00:00:00,4.89,4.0,6.0,749731084.5,0
